1,2,3,4,5,6,7,8,9,10,11,12,13,14
18.1875,0,216.56,221.92,39.9125,42.415,81.665,113.52,623.36,1.42625,758.88,18.115,48.375,17.8275
18.4633,6.8,219.947,220.363,39.9267,42.2453,81.7413,113.605,623.211,1.592,762.069,18.4147,47.808,18.1207
18.7673,17,219.403,218.933,39.772,42.2267,81.424,113.6,622.656,1.89133,766.251,18.8533,47.432,18.4367
19.0727,18,218.613,217.045,39.776,42.0987,81.5013,113.344,622.571,1.828,766.037,19.2907,47.024,18.7513
19.3721,20,217.714,216.08,39.7757,42.0686,81.4657,113.034,622.4,2.36071,762.743,19.74,45.4743,19.0414
19.6407,20,218.389,216.011,39.8107,42.0347,81.2427,113.6,622.4,2.06333,752.683,20.166,45.5467,19.2773
19.912,20,218.155,215.829,39.8613,41.9947,81.36,112.981,622.4,2.23067,740.949,20.566,44.968,19.5367
20.164,20,216.661,215.296,39.824,41.9947,81.024,111.259,621.803,1.924,721.109,20.8427,45.1813,19.7307
20.412,20,217.461,214.549,39.9587,42.1253,81.104,83.3547,620.651,2.51067,699.392,21.204,45.416,19.9693
20.64,20,215.349,213.909,39.94,42.0427,81.1813,83.36,620.309,2.65333,677.675,21.5227,45.0213,20.1407
20.8453,20,213.888,213.312,39.9813,42.1787,61.0693,83.6107,619.755,2.82667,648.427,21.756,44.36,20.3267
21.0333,20,215.413,213.739,40.3587,42.7067,51.2373,59.952,619.712,2.49467,615.68,21.984,44.7947,20.4713
21.2333,20,216.021,222.528,40.9107,41.5147,43.3733,52.824,619.328,2.466,582.869,22.108,43.984,20.9093
21.4293,19.6667,216.256,219.68,41.1987,40.956,36.2653,45.6747,619.243,2.432,544.533,22.1373,44.5467,21.4253
21.488,19,213.173,219.285,41.88,40.6347,34.476,40.16,619.157,1.732,503.744,22.08,44.7813,21.8467
21.524,18.6667,211.093,217.589,43.2213,40.8413,31.1267,32.248,618.944,1.89133,460.523,21.9373,45.6773,22.1573
21.584,18.2,211.157,215.136,43.3653,40.8867,21.442,23.44,618.645,1.64267,415.744,21.7067,45.5173,22.404
21.612,18,209.419,214.24,42.744,40.3867,20.822,23.44,618.56,1.59067,368.917,21.4667,45.2373,22.7307
21.664,18,209.408,213.632,42.216,39.9227,20.8233,23.44,618.56,1.732,320.448,21.1773,45.0747,22.9373
21.6853,18,209.547,215.029,41.976,39.6133,21.2633,22.244,618.517,1.59,271.723,20.9373,45.072,23.2
21.788,18,212.715,217.067,41.52,39.084,20.4807,23.44,617.92,1.94733,222.443,20.7107,44.128,23.436
21.832,18.7333,212.405,216.661,41.3253,38.3013,20.742,22.784,617.792,1.564,173.835,20.4627,43.2747,23.668
21.808,19,212.064,216.672,40.8667,37.7867,20.84,23.5853,617.109,1.544,101.244,20.2047,43.6107,23.852
21.768,18.6667,211.211,216.299,40.9813,37.712,20.9207,23.2253,615.957,1.08867,24.6653,19.976,45.8293,24.0213
21.7133,18,211.051,216.768,41.4107,37.748,19.4407,23.2427,615.36,0.844667,15.57,19.756,47.0693,24.1413
21.66,18,210.763,217.088,41.992,37.8373,11.5887,21.4213,614.592,1.442,5.00933,19.5273,49.5467,24.268
21.596,18,210.571,215.616,43.1973,38.2173,11.5073,13.362,585.984,0.969333,-2.93933,19.3013,52.2027,24.38
21.5307,17.8667,209.92,216.107,43.8213,39.356,11.5073,13.1027,150.851,0.798667,-3.904,19.0413,53.8053,24.0707
21.4493,17,209.792,215.477,44.3893,40.1587,11.5073,13.6067,4.60667,0.228,-3.708,18.768,54.928,23.588
21.3747,17,210.059,214.987,44.68,40.752,11.4427,13.0213,0.782,0.324,-3.64267,18.4967,55.752,23.2867
21.276,16.2667,210.069,215.115,44.64,41.2507,11.426,13.5413,0.65,0.716,-3.708,18.23,56.0213,23.032
21.1987,15.6667,209.909,216,44.8213,41.616,11.3113,12.7773,0.65,0.110667,-3.904,18.0053,56.584,22.7747
21.0933,15.6,210.656,214.901,44.7493,42.0027,11.67,13.3787,0.65,0.661333,-3.57733,17.7807,57.5387,22.5533
21,15,210.667,214.549,44.5867,42.4373,11.524,13.0213,0.65,0.615333,-3.64267,17.576,57.9147,22.352
20.9053,15,209.877,213.888,44.3227,42.6267,11.6053,13.0213,0.65,0.458667,-3.64267,17.3707,57.5893,22.1227
20.816,15,210.315,213.675,44.4693,42.7493,11.7847,13.2153,0.65,0.132,-3.64267,17.1607,57.1467,21.9347
20.72,15,209.429,214.123,44.0507,42.808,11.4427,13.2653,0.65,0.119333,-3.512,16.9407,57.1653,21.7133
20.628,15,209.216,214.304,43.6827,42.8533,11.5887,12.5813,0.65,0,-3.38133,16.6853,57.1813,21.5373
20.5253,14.6,210.539,215.275,43.8027,42.856,11.524,13.1827,0.65,0,-3.57733,16.416,57.2453,21.348
20.43,14.0667,211.04,216.832,43.624,42.9227,11.5887,12.8587,0.694,0,-3.38133,16.22,57.3653,21.148
20.3147,12.9333,211.317,217.867,43.136,42.9413,11.524,12.8587,0.65,0,-3.44667,16.0547,57.5253,20.9813
20.2133,12,212.384,218.891,43.2,43.016,11.6053,12.94,0.65,0,-3.512,15.876,57.712,20.8107
20.114,12,213.163,219.68,42.8533,43.0853,11.524,13.1833,0.65,0,-3.44667,15.7213,57.896,20.66
20.0053,11.6,213.472,219.744,42.7333,43.1307,11.7847,13.1027,0.65,0,-3.44667,15.5673,58.0133,20.4753
19.9007,10.1333,214.827,219.627,42.6853,43.1813,11.6053,13.184,0.65,0,-3.38133,15.4147,57.928,20.3147
19.7953,10.3333,214.336,219.797,42.1973,43.24,11.524,12.94,0.65,0,-3.512,15.26,58.048,20.164
19.6773,11,215.136,221.461,41.9947,43.2427,11.524,14.4027,0.65,0,-3.44667,15.066,58.0107,19.9967
19.5727,11,216.384,221.931,41.7573,43.248,11.6053,13.428,0.65,0,-3.316,14.864,57.864,19.846
19.442,10.2667,216.971,223.499,41.3467,43.2293,11.524,13.184,0.65,0,-3.18533,14.6387,57.7173,19.6773
19.3327,10,217.835,223.381,41.432,43.1573,11.6053,13.0207,0.65,0,-3.25067,14.4433,57.5627,19.526
19.238,9.46667,219.115,223.637,41.0427,43.16,11.6053,13.5413,0.65,0,-3.316,14.2667,57.472,19.3733
19.0933,9,219.2,225.131,41.0133,43.152,11.524,13.1027,0.738,0,-3.44667,13.9887,57.7253,19.2087
18.962,9,221.493,227.509,41.152,43.1573,11.524,13.2653,0.65,0,-3.44667,13.7673,58.3413,19.0527
18.8533,9,222.229,226.208,41.152,43.24,11.5073,12.4353,0.65,0,-3.18533,13.6213,58.496,18.8973
18.7267,9,222.155,226.091,41.0427,43.2613,11.6867,13.6387,0.65,0,-3.18533,13.522,58.1013,18.734
18.6073,9,222.741,225.301,40.9627,43.2187,11.524,13.2,0.65,0,-3.18533,13.3787,57.44,18.5833
18.5007,9,221.515,225.237,40.708,43.1653,11.7847,13.428,0.65,0,-3.38133,13.1973,57.5707,18.4167
18.36,8.86667,222.304,226.56,40.6213,43.16,11.7033,13.1993,0.65,0,-3.316,12.9067,57.4293,18.2727
18.2387,8,222.411,227.211,40.712,43.16,11.6867,13.5093,0.65,0,-3.12,12.6573,57.3867,18.0973
18.09,8,222.08,225.6,40.6547,43.16,11.7847,13.184,0.65,0,-3.316,12.5453,57.3787,17.9533
17.9553,8.4,222.432,225.355,40.672,43.176,11.4427,13.8013,0.694,0,-3.12,12.398,57.3493,17.8173
17.8333,7.8,221.12,222.795,40.676,43.1653,11.768,13.428,0.65,0,-3.18533,12.29,56.8533,17.654
17.7047,7,220.853,220.747,40.488,43.104,11.524,13.3467,0.65,0.168,-3.18533,12.176,56.6053,17.5153
17.5733,7,218.784,216.928,40.3333,42.872,11.7847,13.3467,0.65,0.508,-3.10733,12.1367,56.2693,17.3267
17.4713,7,216.373,217.216,40.4413,42.8507,11.6053,13.2653,0.65,0.0413333,-3.25067,12.072,56.0453,17.1553
17.3667,7,216.043,215.957,40.4253,42.8933,11.9473,13.428,0.65,0,-3.12,11.9873,55.984,17.0253
17.268,7,214.187,215.392,40.372,42.856,11.622,13.428,0.65,0.230667,-3.18533,11.9167,56.0373,16.894
17.126,7,213.003,213.781,40.3133,42.752,11.7847,13.1027,0.65,0.663333,-3.17267,11.8633,56.0667,16.7433
16.9933,7,212.619,213.419,40.312,42.648,11.6053,12.7607,0.65,1.298,-3.25067,11.836,56.1867,16.608
16.904,6.66667,211.168,212.672,40.3413,42.672,11.6053,13.2653,0.65,0.706,-3.25067,11.7567,56.104,16.4307
16.83,6,211.317,212.992,40.376,42.776,11.622,13.428,0.65,0,-3.12,11.6907,56.0907,16.2933
16.7333,6.13333,211.2,213.856,40.372,42.8667,11.866,13.3467,0.782,0,-3.12,11.5713,56.4747,16.174
16.61,6.8,210.304,214.005,40.4253,42.9387,11.768,13.3467,2.54133,0,-3.18533,11.3687,57.0773,16.036
16.504,7,210.571,214.229,40.48,42.9787,11.524,13.672,66.166,0,-3.18533,11.2627,56.8853,15.9227
16.3927,6.06667,211.072,214.197,40.4373,43.016,11.6053,13.8507,499.723,0,-2.19667,11.1727,56.9093,15.8607
16.282,6,211.093,214.496,40.448,43.0747,11.6053,19.6253,611.84,0,6.454,11.1,56.9573,15.74
16.178,6,211.467,217.077,40.44,43.0853,20.0447,23.44,612.651,0,32.7267,11.03,57.088,15.6427
16.1087,6,213.557,219.68,40.4507,43.0507,21.328,23.44,614.507,0,72.7547,11,56.8347,15.5307
16.0233,6,215.221,218.187,40.348,42.904,21.4893,23.5507,616.085,0.127333,116.608,11.09,56.12,15.4753
15.99,6.33333,215.093,217.739,40.508,42.84,21.5073,23.44,617.408,0,164.304,11.2253,55.3573,15.3773
15.96,7,215.424,216.928,40.556,42.064,21.3453,26.528,618.773,0,214.869,11.4613,54.4987,15.6793
15.97,7.66667,215.509,218.464,40.6867,41.116,21.166,38.3507,619.413,0,264.331,11.778,53.9627,16.2273
15.9967,9,215.488,218.475,40.7867,40.5907,21.246,49.1547,620.139,0,313.227,12.1447,54.224,16.6473
16.038,9.2,215.872,219.392,40.868,40.2613,27.3667,65.44,620.821,0,361.685,12.57,55.1733,17.0253
16.1227,9.73333,215.211,219.531,40.9867,39.98,32.492,83.0133,621.547,0,406.677,13.0093,56.2373,17.3987
16.246,10,216.181,220.523,40.9,39.62,41.516,107.493,622.357,0,449.92,13.4953,56.9333,17.7927
16.4007,11.6,215.413,220.779,40.6547,39.2147,41.4173,112.56,622.656,0.192,495.829,14.0053,56.792,18.2633
16.6693,13.6667,216.811,233.909,40.2733,38.5987,49.7333,128.923,623.083,0.174,533.163,14.52,55.752,18.712
16.9007,15,218.272,230.624,40.172,37.8773,51.9147,140.64,623.211,0.440667,574.272,15.106,55.08,19.2667
17.1213,15.6667,219.808,228.32,40.1813,37.096,51.5707,142.944,624.32,0.764667,612.971,15.6,54.1627,19.8067
17.3767,17,221.44,228.448,40.22,36.3373,53.9013,143.2,624.32,0.392,641.6,16.0653,53.416,20.3413
17.7033,17.6667,225.109,262.859,40.3733,36.7587,81.6827,128.155,624.32,0.909333,667.733,16.586,52.92,20.8453
18.096,19,232.331,396.096,40.4653,39.972,81.4827,113.429,623.979,1.20267,692.011,17.142,52.8747,21.452
18.4513,19,238.752,436.309,40.832,40.688,81.7413,114.24,623.467,1.49733,718.251,17.636,52.696,21.788
18.76,19,243.904,448.469,41.0307,41.2693,81.6613,112.64,623.04,1.868,741.12,18.03,52.0427,21.836
19.122,19,267.189,301.28,41.836,39.4267,81.4213,142.56,623.04,1.93467,754.987,18.3747,52.0773,21.6173
19.546,19,283.349,265.952,42.432,40.624,81.424,141.68,622.656,2.028,763.52,18.6873,52.4213,21.424
20.0367,19,322.869,310.432,43.0747,41.4853,81.4827,139.797,622.4,1.992,771.627,18.9767,52.688,21.6
20.4673,19.7333,357.781,384.448,42.1147,41.824,81.6613,123.637,622.144,2.25667,776.619,19.248,53.16,21.8587
20.832,19.4667,396.843,472.277,42.1467,42.1573,81.4427,116.672,622.229,1.81,775.253,19.5893,53.3893,22.0573
21.216,19,445.248,475.051,42.4773,42.6587,81.3227,112.496,622.4,2.034,771.456,19.9793,53.2213,22.1907
21.6253,19,445.803,472.363,44.2933,43.472,81.2613,112.496,622.101,1.952,762.795,20.274,53.2027,22.34
21.8947,19,428.928,438.592,43.0907,43.312,81.3413,112.411,621.76,1.90133,749.952,20.5307,53.112,22.4707
22.1773,19.1333,436.117,445.824,43.2027,43.472,80.9227,112.581,621.461,2.008,731.392,20.88,53.008,22.62
22.3373,19.7333,401.237,421.611,43.0427,43.6587,81.1013,94.976,620.48,2.08933,712.491,21.2107,52.6907,22.624
22.4733,20,378.453,356.352,42.8373,43.6027,81.0827,82.88,620.48,1.63933,686.507,21.5027,52.288,22.692
22.612,20,352.171,306.848,43.0427,43.3333,64.8453,82.8,620.352,1.872,657.472,21.844,51.784,22.7347
22.7813,20,308.576,297.813,43.7227,43.2533,51.416,62.1467,619.84,1.82067,627.84,22.196,50.8,22.78
22.912,20,292.971,276.523,43.672,43.1067,50.6347,52.5893,619.84,1.96067,594.283,22.3693,49.4987,22.816
22.992,20,277.387,260.256,43.4987,43.0213,41.9733,45.0453,619.328,1.782,558.443,22.32,48.1893,22.8213
23.088,20,263.808,248.853,43.064,42.8987,38.6867,39.6987,619.2,2.03067,518.827,22.136,46.432,22.808
23.148,20,243.435,243.765,42.0827,42.624,31.0453,32.0533,618.816,1.84467,476.373,21.8853,45.1947,22.776
23.164,20,232.693,237.589,41.124,42.224,23.004,22.604,618.603,2.00933,431.253,21.5827,44.3787,22.7347
23.132,19.8667,224.021,233.12,40.4133,41.952,20.8053,23.388,618.56,1.56,383.637,21.2467,44.2373,22.6907
23.128,19,219.52,229.899,39.9333,41.664,20.742,22.9467,618.56,1.636,334.421,20.9627,44.0347,22.608
23.0627,19,216.501,226.869,39.2667,41.5227,20.9027,23.1093,618.091,1.498,285.024,20.6947,43.544,22.5613
22.996,19,216.619,221.515,38.8173,41.48,20.6607,22.9813,617.92,1.782,234.805,20.4427,43.4693,22.484
22.9333,19,213.557,219.349,38.384,41.0613,20.562,23.144,617.323,1.246,184.949,20.1167,43.048,22.3867
22.8213,19,211.445,217.483,37.8173,40.8947,20.822,22.604,616.811,1.578,116.075,19.8167,43.36,22.2987
22.716,18.8,210.795,215.936,37.912,40.776,20.9213,22.9467,615.573,1.254,24.2627,19.5533,44.864,22.1787
22.5893,18.2667,209.877,214.325,39.0733,40.9387,20.6607,22.7027,614.464,1.41867,15.6347,19.3293,48.3867,22.064
22.484,18,209.483,212.544,40.848,41.44,11.328,22.0213,613.973,0.780667,5.62067,19.1287,51.8347,21.952
22.3813,18,210.315,213.035,42.32,42.048,11.328,13.46,585.813,0.650667,-2.58867,18.9267,54.5067,21.8613
22.2627,17.3333,209.984,211.371,43.6133,42.7947,11.622,12.8587,111.133,1.11733,-3.64267,18.7113,56.8587,21.74
22.156,16,210.101,210.581,44.5493,43.52,11.23,13.1993,3.772,0.821333,-3.708,18.4533,58.408,21.624
22.044,16,210.304,210.507,45.2853,44.056,11.426,12.94,0.738,0.563333,-3.77333,18.2053,59.5707,21.496
21.92,16,209.835,210.187,45.816,44.496,11.6053,13.004,0.65,0.08,-3.77333,17.9927,60.184,21.3867
21.82,16,210.581,210.805,46.2747,44.944,11.328,13.3787,0.65,0.052,-3.512,17.7647,61.1787,21.2507
21.6973,14.5333,209.835,211.136,46.184,45.056,11.6867,13.2813,0.65,0.564,-3.512,17.5673,62.488,21.1293
21.5627,14,209.728,210.496,46.9147,45.6667,11.3447,13.004,0.65,0,-3.708,17.3913,62.7653,21.028
21.4453,14,210.101,211.723,47.2987,45.8693,11.426,13.0213,0.65,0,-3.64267,17.2,63.056,20.896
21.304,14,210.016,211.019,47.3067,46.0667,11.6867,13.1833,0.65,0,-3.77333,16.996,62.96,20.816
21.18,14,210.4,211.616,45.8533,45.4533,11.328,12.94,0.65,0.48,-3.57733,16.8393,64.6267,20.6813
21.04,12.5333,210.507,212.48,45.2,45.488,11.524,13.2967,0.65,0.783333,-3.77333,16.684,65.1147,20.572
20.8987,12,211.072,214.091,44.824,45.5253,11.6867,13.184,0.65,0.986667,-3.708,16.514,65.7627,20.4173
20.7747,12,211.264,213.749,44.8347,45.6133,11.426,12.5167,0.65,0.576,-3.708,16.3467,65.6587,20.308
20.652,12,212.085,214.261,45.8827,46.232,11.6867,13.3627,0.65,0.218,-3.25067,16.166,65.2187,20.1407
20.532,12,212.384,214.229,46.352,46.4693,11.6053,12.8587,0.65,0.0386667,-3.316,16.0053,65.2773,19.9987
20.4067,12,211.733,213.739,46.5333,46.752,11.426,13.6067,0.65,0,-3.57733,15.8253,65.1707,19.9033
20.264,12,212.235,214.496,45.9653,46.5893,11.6053,13.1027,0.65,0,-3.57733,15.6493,65.072,19.7833
20.136,11.4667,212.064,214.357,45.736,46.8933,11.426,13.184,0.65,0,-3.57733,15.4293,64.3813,19.658
20.0227,11,212.32,214.432,44.936,46.7413,11.524,13.0213,0.65,0,-3.512,15.0953,63.3573,19.52
19.866,10.0667,212.651,215.979,44.2427,46.4053,11.6867,12.842,0.65,0,-3.18533,14.9067,64.584,19.4027
19.7607,9.66667,212.96,215.787,43.3253,45.7573,11.6053,13.444,0.65,0,-3.38133,14.7893,64.9653,19.3573
19.8147,9,213.205,215.125,41.4853,45,11.7033,13.0207,0.65,0,-3.25067,14.66,64.7307,19.5787
19.8147,9,212.683,216.309,41.104,44.64,11.4427,13.2653,0.65,0,-3.38133,14.4187,64.304,19.672
19.7553,9,212.907,217.44,40.976,44.256,11.4427,12.9393,0.65,0,-3.38133,14.208,63.7627,19.7
19.6867,9,213.845,217.568,40.896,43.9893,11.6867,13.3467,0.65,0,-3.316,13.9453,63.152,19.7033
19.5833,9,214.667,218.891,40.816,43.752,11.6053,12.94,0.65,0.036,-3.38133,13.6507,62.3547,19.684
19.482,8.66667,215.915,220.672,40.7413,43.5173,11.524,13.8173,0.65,0.426,-3.25067,13.3473,61.8907,19.648
19.3353,8,216.821,219.328,40.7107,43.2747,11.7033,13.704,0.65,1.09733,-3.25067,13.1267,61.864,19.55
19.2267,8,216.715,217.259,40.66,43.2133,11.6053,13.3467,1.354,0.420667,-3.25067,12.918,65.3653,19.4333
19.1367,8.53333,215.851,215.157,40.596,43.272,11.7033,13.3467,1.926,0.326,-3.042,12.76,68.5467,19.382
19.05,9,214.56,214.048,40.5893,43.424,11.524,13.2653,1.926,0.036,-3.12,12.668,69.3893,19.3153
18.9727,8.06667,213.312,213.045,40.5733,43.5573,11.524,12.452,1.794,0,-3.12,12.6267,69.824,19.3
18.8867,8,212.075,212.021,40.592,43.5893,11.524,14.3213,1.618,0.0386667,-3.25067,12.6133,69.8427,19.2733
18.8027,7.86667,212.224,213.429,40.64,43.5947,11.6867,13.7533,1.618,0.529333,-3.18533,12.6033,70.5147,19.2267
18.7287,7.33333,211.701,213.589,40.656,43.712,11.7847,13.2653,1.838,0.106,-3.18533,12.5907,70.3573,19.1367
18.6713,8,211.659,213.685,40.68,44.0027,11.6053,13.5093,1.838,0,-3.18533,12.5907,70.4267,19.13
18.6047,7.6,210.923,213.493,40.712,44.0053,11.6867,13.5907,1.662,0.182,-3.25067,12.5933,70.8453,19.1133
18.5513,6,210.987,214.496,40.748,44.1227,11.7847,13.5907,1.442,0.163333,-3.38133,12.59,70.4533,19.0867
18.5067,6.06667,211.968,213.867,40.848,44.2213,11.4427,13.1673,1.31,0.108667,-3.38133,12.5873,70.7333,19.06
18.4533,6.8,212.064,214.741,40.92,44.3787,11.6867,13.5907,1.31,0,-3.18533,12.5967,70.4453,19.048
18.4007,6.53333,212.576,214.4,41.0053,44.592,11.6867,12.842,1.31,0,-3.18533,12.6067,70.712,19.004
18.3567,6,212.245,214.208,41.048,44.7627,11.768,13.3467,1.31,0,-3.25067,12.6367,70.5333,19
18.33,5.46667,211.904,213.856,41.1387,45.0133,11.6867,13.672,1.354,0.209333,-3.18533,12.668,70.8507,19
18.2827,5,211.883,212.789,41.2027,45.0293,11.72,13.7533,1.31,0.226,-3.38133,12.638,71.7493,18.99
18.2267,5.53333,211.008,212.512,41.232,45.1093,11.5887,13.672,1.178,0,-3.12,12.522,71.92,18.9447
18.1393,6,211.211,212.075,41.288,44.8453,11.7033,13.428,2.49733,0.222,-3.316,12.3907,71.6027,18.9207
18.068,5.66667,211.584,214.101,41.392,44.9573,11.4427,11.7033,81.974,0,-3.12,12.2227,71.28,18.8607
18.0233,5,211.584,215.264,41.408,45.048,11.622,12.1747,521.365,0,-2.6,12.0147,70.9653,18.7953
17.956,5,212.149,216.555,41.4213,45.0213,11.524,20.1,611.2,0,6.12933,11.7967,70.4773,18.7267
17.8847,4.86667,211.936,217.984,41.4347,44.9733,21.0847,21.3267,612.395,0,41.1607,11.5727,70.1413,18.672
17.83,4,213.707,221.28,41.4213,44.8293,20.9853,23.0627,613.888,0.036,83.4,11.4327,69.5067,18.6067
17.7513,4,216.117,223.584,41.4053,44.584,21.3927,23.44,615.552,0.135333,129.36,11.3953,69.0933,18.54
17.7287,4,217.141,225.344,41.4933,44.4933,21.2467,23.44,617.067,0.044,176.256,11.4167,68.5787,18.5
17.7133,5.46667,217.813,225.152,41.5413,44.352,21.5067,26.7387,618.005,0.134667,224.896,11.508,68.2907,18.496
17.7133,6,218.72,223.115,41.528,44.144,21.1487,38.1893,618.645,0.202667,270.869,11.6473,68.1093,18.52
17.708,6.53333,218.763,219.723,41.6453,43.9013,22.548,48.6293,619.072,0.274667,324.117,11.7813,67.4933,18.4907
17.596,7,218.4,221.269,42,44.4027,31.208,67.4533,619.413,0.736667,374.293,11.93,66.8533,18.1873
17.5847,8.33333,218.624,221.365,42.088,44.856,38.248,83.36,619.499,1.09467,421.973,12.142,65.648,18.0307
17.622,9.4,218.347,221.291,42.2347,45.0053,41.3373,101.317,620.053,0.828,465.877,12.3787,65.1947,18.04
17.704,12,218.528,220.48,42.3227,45.0053,46.144,112.837,620.565,0.918667,509.952,12.644,64.7307,18.036
17.82,12,218.987,219.925,42.3813,45.0507,50.7707,110.917,621.12,0.663333,545.472,12.988,63.672,18.0753
17.918,12,218.197,217.376,42.3973,45.104,50.952,104.853,621.035,1.51933,560.405,13.3487,63.792,18.166
18.0507,12.5333,217.301,216.427,42.5067,45.4587,56.6067,99.504,620.224,1.15467,553.493,13.6793,64.4,18.204
18.222,13,217.408,215.243,42.5867,45.6427,75.1173,119.173,621.675,1.27067,642.645,14.006,64.264,18.316
18.3893,13.5333,216.555,214.443,42.4907,45.512,81.4827,115.237,622.357,1.62067,670.485,14.3727,64.024,18.4647
18.58,14,215.989,214.219,42.464,45.3813,81.3227,121.429,622.144,1.35267,700.224,14.7233,63.7493,18.6193
18.7587,14,215.093,213.312,42.416,45.3013,81.76,129.253,622.4,1.58267,734.891,15.002,63.4907,18.7947
18.962,14.9333,214.827,213.6,42.456,45.1173,81.2427,139.237,622.443,1.31133,755.2,15.326,63.16,18.9613
19.164,15,214.261,214.539,42.48,44.9867,81.4053,128.757,622.357,1.60533,765.781,15.6967,62.84,19.1713
19.378,15,214.261,213.589,42.472,44.8667,81.3413,122.939,622.315,1.682,758.997,16.0347,62.488,19.3553
19.59,15.5333,215.019,214.72,42.4933,44.84,94.9867,138.197,622.101,1.63133,776.789,16.4073,62.128,19.532
19.7993,16,214.731,214.421,42.4773,44.8213,97.3973,134.373,622.315,1.81733,790.059,16.7633,61.8933,19.724
19.9867,16,214.837,214.955,42.5067,44.824,83.2453,113.851,621.376,1.88467,727.467,17.0687,61.6107,19.9
20.1427,16,215.275,213.099,42.6213,44.8853,81.1627,112.752,621.461,2.14067,758.784,17.32,61.2667,20.0133
20.324,16.3333,214.88,213.739,42.7093,44.9307,81.5013,113.008,621.376,2.348,780.288,17.632,60.752,20.1993
20.5067,17,214.709,213.109,42.8053,45.0027,81.184,112.453,621.376,2.004,771.371,17.9767,60.0293,20.352
20.6693,17,215.008,212.736,42.9707,45.096,81.0027,110.219,621.205,2.19867,741.504,18.2567,59.336,20.476
20.836,17,214.933,212.661,43.1547,45.2,80.96,95.136,620.053,1.92667,695.36,18.5607,58.936,20.5773
20.972,17,214.539,211.328,43.4373,45.344,81.264,82.88,619.669,2.75067,680.917,18.848,58.5147,20.644
21.0907,17,214.293,210.048,43.832,45.4773,58.5307,81.2,619.243,2.52467,649.451,19.0727,58.0613,20.7027
21.232,17,212.576,209.856,44.224,45.6347,49.4,57.44,618.987,2.56867,585.749,19.2747,58.0507,20.744
21.3573,17,212.277,209.632,44.7093,45.768,46.5987,51.184,618.603,2.466,558.997,19.34,58.32,20.8133
21.44,16.4667,211.893,209.504,45.1173,45.976,36.768,42.8773,618.219,2.74533,481.195,19.2907,58.6,20.844
21.508,16,210.4,208.992,45.64,46.184,33.9387,41.56,617.92,2.25333,472.363,19.1147,58.9253,20.8107
21.5493,16,208.885,208.587,45.9973,46.352,29.7427,38.076,617.792,2.498,450.752,18.9587,59.2533,20.8187
21.5587,16,208.181,207.723,46.184,46.5627,31.224,32.6707,617.835,1.97133,457.259,18.764,59.5787,20.8373
21.584,16,207.104,207.733,46.3813,46.8133,22.2067,27.9253,617.92,2.032,406.293,18.6033,59.9013,20.8347
21.5627,15.2667,206.901,208.096,46.4987,47.008,20.8227,23.3413,617.92,1.89933,355.52,18.4393,60.2,20.8013
21.544,15,205.621,207.723,46.5173,47.2453,20.4807,23.44,617.707,1.94733,298.368,18.2627,60.304,20.792
21.508,15,205.493,207.552,46.568,47.5253,20.9213,22.6667,617.28,1.382,245.109,18.098,60.4747,20.732
21.436,15,205.781,207.883,46.6747,47.6827,20.6433,23.44,616.981,1.56467,189.035,17.9173,60.8907,20.676
21.3613,15,205.92,208,46.8347,47.76,20.7413,22.8827,616.427,1.77333,125.161,17.6773,61.608,20.628
21.2613,15,205.835,207.979,47.0907,47.7947,20.8227,23.0747,614.955,1.622,27.412,17.472,62.4133,20.5493
21.164,15,204.544,207.36,47.3227,47.9973,19.6207,23.5213,614.016,0.963333,16.5447,17.2827,62.8773,20.454
21.0627,15,206.037,207.861,47.6053,48.2587,11.524,21.3227,613.76,0.844,4.24067,17.1053,63.6533,20.36
20.9653,14.2667,205.195,208.277,47.9627,48.392,11.5073,12.598,570.837,0.931333,-2.74267,16.9207,64.456,20.2733
20.844,14,206.091,208.043,48.2773,48.64,11.328,14.2893,118.075,0.908667,-3.57733,16.7213,65.064,20.1627
20.7307,14,206.229,208.203,48.56,48.8453,11.524,13.1027,3.86,0.358,-3.512,16.4993,65.5947,20.0473
20.62,13.4667,205.92,208.523,48.728,48.9307,11.328,13.1027,0.782,0.114667,-3.38133,16.318,66.0533,19.9367
20.512,13,207.061,208.181,48.912,49.0907,11.6053,12.7773,0.65,0.106667,-3.57733,16.138,66.6827,19.856
20.3933,13,205.813,208.629,49.1013,49.2693,11.426,14.3867,0.65,0.036,-3.57733,15.9873,66.9307,19.7567
20.278,13,207.115,209.44,49.1893,49.288,11.524,13.2653,0.65,0,-3.44667,15.8333,67.1573,19.6433
20.172,13,206.848,208.992,49.1973,49.4,11.6867,12.94,0.65,0.036,-3.38133,15.6733,67.52,19.52
20.0567,13,206.805,208.885,49.232,49.4747,11.5407,12.2727,0.694,0.124,-3.57733,15.54,68.0933,19.4367
19.9253,13,207.232,209.152,48.9893,49.488,11.6053,13.6227,0.65,0.277333,-3.38133,15.404,68.9067,19.338
19.812,13,206.624,209.024,48.9707,49.52,11.524,13.0213,0.65,0.196667,-3.38133,15.272,69.2613,19.22
19.692,12.8667,206.944,209.013,48.984,49.616,11.5407,12.9553,0.65,0,-3.57733,15.1407,69.4133,19.1167
19.5873,12.4,207.147,209.44,48.9733,49.7653,11.524,13.1027,0.65,0.0773333,-3.512,15.0093,69.4987,18.9793
19.46,12,206.784,209.696,48.6373,49.744,11.6053,13.0213,0.65,0.127333,-3.57733,14.8713,69.504,18.8913
19.342,12,207.339,211.488,48.3307,49.7467,11.524,11.5073,0.65,0.0746667,-3.38133,14.75,69.24,18.7913
19.2353,11.3333,207.851,213.216,48.1013,49.688,11.524,13.8493,0.65,0.0726667,-3.316,14.5993,69.008,18.6867
19.1,10,208.149,213.568,47.92,49.6933,11.7847,13.8013,0.65,0.052,-3.316,14.4087,68.7973,18.58
18.9687,9.73333,210.069,214.837,47.344,49.576,11.6053,13.5907,0.65,0.044,-3.18533,14.234,68.8453,18.44
18.8733,9,210.432,213.824,47.6373,49.7333,11.4427,12.4993,0.65,0,-3.25067,14.0847,68.7707,18.3333
18.7487,8.93333,210.656,213.163,47.6213,49.792,11.524,13.736,0.65,0,-3.316,13.9373,68.7387,18.2247
18.6267,8.06667,210.72,214.251,46.968,49.6747,11.6867,13.3467,0.65,0.233333,-3.25067,13.77,68.896,18.0773
18.5293,8,210.603,213.856,47.0987,49.7893,11.6053,13.5907,0.65,0,-3.25067,13.63,68.4053,17.98
18.4027,8,210.848,213.579,46.7173,49.752,11.524,13.378,0.65,0,-3.38133,13.4147,68.0667,17.862
18.2813,8,211.104,214.72,46.272,49.68,11.5887,13.3627,0.65,0,-3.18533,13.212,67.68,17.766
18.1533,8,211.211,214.176,46.168,49.6,11.866,13.184,0.65,0,-3.12,13.0447,67.6347,17.6153
18.0213,8,212.181,215.435,46.3547,49.5813,11.524,13.5093,0.694,0,-3.36867,12.864,68.024,17.516
17.8933,8,212,215.115,46.104,49.5573,11.4427,12.7927,0.65,0,-3.44667,12.74,67.768,17.42
17.7953,8,211.947,215.328,46.0133,49.5333,11.426,14.1267,0.65,0,-3.18533,12.6067,67.4987,17.312
17.67,8,213.024,216.725,45.912,49.504,11.6867,13.5907,0.65,0,-3.12,12.4273,67.216,17.1813
17.5487,8,212.587,216,45.768,49.4187,11.6053,13.428,0.65,0,-3.25067,12.294,66.544,17.0573
17.4327,7.06667,212.651,214.496,45.464,49.36,11.7847,13.5093,0.65,0.113333,-3.25067,12.1653,65.6107,16.9153
17.3387,7,211.659,213.451,45.2187,49.2747,11.5073,13.5093,0.65,0,-3.18533,12.0033,65.032,16.78
17.1967,7,210.379,212.096,45.2693,49.2507,11.964,13.184,0.65,0,-3.18533,11.836,64.5467,16.6573
17.072,6.26667,210.165,211.477,45.128,49.1707,11.524,13.428,0.65,0,-3.25067,11.6933,64.2693,16.53
16.9487,6,209.621,211.584,44.968,49.0347,11.6867,13.8347,0.65,0,-3.18533,11.5667,63.6053,16.384
16.8467,6,208.885,210.336,44.9173,48.8267,11.6053,13.5093,0.65,0,-3.18533,11.4373,62.8187,16.29
16.726,6,208.747,210.048,44.7147,48.7893,11.622,13.672,0.65,0,-3.18533,11.2773,62.4693,16.1487
16.5987,6,207.456,209.856,44.6827,48.752,11.6867,13.428,0.65,0,-3.18533,11.0967,62.2507,16.032
16.4673,6,207.008,209.28,44.5253,48.7013,11.7033,13.5907,0.65,0,-3.18533,10.97,61.8213,15.9367
16.3527,6,207.573,209.76,44.4773,48.488,11.524,13.5907,0.65,0,-3.12,10.876,61.5733,15.8313
16.214,6,206.347,209.6,44.4373,48.4453,11.768,13.8507,0.65,0.0933333,-3.12,10.696,61.4933,15.7127
16.1107,5.46667,206.091,209.248,44.3653,48.3787,11.622,15.1333,0.65,0,-3.12,10.58,61.3627,15.5847
16,5,206.325,209.024,44.3253,48.32,11.6867,12.8253,0.65,0,-3.12,10.4827,61.1493,15.4687
15.862,5.73333,205.653,208.768,44.3147,48.2267,11.7033,12.94,0.65,0,-3.18533,10.4233,60.824,15.3593
15.756,6,205.803,209.216,44.288,48.0747,11.6867,13.9973,0.65,0,-3.12,10.3267,60.8773,15.212
15.6367,6,205.643,209.6,44.28,48.1467,11.622,14.5973,0.826,0,-3.12,10.16,61.0667,15.12
15.5093,6,206.347,210.581,44.2827,48.1387,11.7033,13.5413,4.65067,0,-3.12,9.98333,61.2773,14.9953
15.392,6,207.392,210.731,44.28,48.1387,11.5073,13.5907,111.833,0.228,-3.12,9.94,61.248,14.8627
15.294,5.46667,207.445,210.667,44.2827,47.944,11.7847,13.964,558.379,0,-1.02667,9.90933,61.192,14.7667
15.19,5,207.531,211.072,44.2853,47.8453,12.808,20.9973,611.243,0,9.37133,9.834,61.2347,14.6507
15.0973,5,207.808,211.168,44.2827,47.8373,21.148,23.388,612.309,0,37.7533,9.79667,61.3147,14.556
15,5,207.403,211.381,44.272,47.8,21.264,23.3413,613.717,0.0493333,74.9173,9.82,61.5253,14.458
14.916,5,207.947,211.893,44.2267,47.752,21.2473,23.3707,615.189,0.189333,117.205,9.91467,61.6267,14.41
14.8547,5.4,208.309,212.043,44.2427,47.664,20.9853,23.5213,616.341,0.282,166.331,10.028,61.568,14.342
14.8233,5.73333,208.672,212.128,44.3253,47.576,21.3267,26.7693,617.835,0,219.573,10.19,61.096,14.3067
14.83,6.66667,209.013,211.904,44.424,47.3653,21.4913,39.3893,619.072,0.0413333,271.499,10.4513,60.4453,14.2733
14.8587,8,208.821,211.733,44.4693,47.1413,21.148,48.5493,620.139,0,319.851,10.8173,60.2133,14.2967
14.9367,8.73333,208.544,210.539,44.488,46.856,31.224,67.352,621.035,0.254,368.811,11.1913,60.4853,14.3753
15.0327,9,208.971,210.976,44.456,46.4667,37.8893,83.4613,621.163,0.350667,415.936,11.604,60.9333,14.472
15.1393,9,208.928,210.837,44.3947,46.16,41.516,105.659,621.205,0.372,460.885,12.0213,61.392,14.594
15.2927,10.0667,209.493,211.104,44.36,45.8933,47.432,113.083,621.547,0.467333,503.765,12.458,61.8773,14.7667
15.464,11.2667,209.397,210.72,44.1733,45.632,51.736,113.237,621.973,0.160667,543.552,12.9287,62.0853,14.9827
15.6707,12.6,209.845,210.293,44.0053,45.4213,51.6693,113.419,622.4,0.484667,579.541,13.398,61.856,15.1887
15.9227,13.3333,209.781,210.976,43.832,45.368,60.416,115.515,622.741,1.05733,615.36,13.8253,61.7013,15.438
16.1753,14,209.781,211.157,43.7387,45.384,81.7413,120.912,623.04,0.958667,645.909,14.2833,61.672,15.684
16.424,14.5333,209.952,211.157,43.7333,45.4133,81.4827,138.779,622.997,1.47733,676.736,14.73,61.1787,15.9567
16.724,15,210.453,211.435,43.752,45.5093,81.7413,143.04,622.699,1.452,707.541,15.1693,60.432,16.244
16.9613,15,210.859,210.837,43.7707,45.552,81.6427,142.608,622.443,2.028,733.995,15.5953,60.2453,16.558
17.2313,15,210.965,211.893,43.816,45.6187,81.6613,142.368,622.4,2.02,746.667,15.944,60.0373,16.844
17.484,15,211.733,211.435,43.92,45.7893,81.6613,142.688,622.187,2.04867,756.736,16.312,60.2213,17.142
17.7447,15,212.203,212.213,43.9893,45.9973,81.6827,143.008,621.845,2.406,771.797,16.6567,60.512,17.4187
18.0153,15,212.384,211.861,44.1227,46.1947,88.0853,142.107,621.76,2.156,774.784,16.974,60.7653,17.682
18.292,15,212.384,211.147,44.176,46.408,90.3387,138.928,621.419,2.64067,779.136,17.2327,61.144,17.952
18.546,15,211.925,209.92,44.2853,46.5307,81.5013,115.072,621.632,2.10133,773.589,17.5573,60.7253,18.166
18.7927,15,211.957,209.792,44.376,46.6587,81.5813,112.533,621.76,1.922,771.584,17.8987,60.464,18.4153
18.9967,15,211.84,208.704,44.3093,46.6773,81.1627,113.173,621.717,2.272,761.685,18.2307,59.7813,18.6153
19.23,15,211.307,208.395,44.3813,46.904,81.3413,112.992,621.163,2.64,746.624,18.5387,58.832,18.7973
19.4493,15,210.464,208,44.6533,47.0267,81.184,112.645,620.352,2.50533,732.331,18.8593,58.4213,19.002
19.6587,15,210.667,208.053,44.784,47.176,81.1813,100.581,619.84,2.738,708.949,19.236,58.56,19.1847
19.8467,15,210.251,207.531,45.088,47.4027,81.2427,83.28,619.669,2.68733,682.752,19.5153,58.3947,19.3053
20.0373,15,209.664,207.328,45.4507,47.568,63.3147,83.4507,619.285,2.524,654.336,19.8027,57.88,19.4547
20.2107,15,209.067,207.936,45.856,47.7253,50.9813,60.816,619.2,2.21467,606.165,20.034,57.288,19.59
20.3667,15,208.629,207.488,46.1733,47.9973,50.4427,53.6107,619.029,2.59067,585.493,20.17,56.1573,19.694
20.5007,15,209.355,205.611,46.496,48.264,41.256,47.152,618.688,3.09733,548.971,20.1833,54.7787,19.7767
20.612,15,208.501,205.493,46.6933,48.4133,40.1507,41.6573,618.347,2.55467,510.656,20.034,53.4827,19.8
20.7027,15,206.912,206.176,46.4853,48.4,31.224,32.6547,617.963,2.976,464.32,19.8593,52.4267,19.8373
20.7467,15,206.763,206.389,45.9813,48.472,22.842,24.6427,617.92,2.336,419.371,19.6267,52.544,19.894
20.7973,15,205.771,205.685,45.6027,48.632,20.742,22.604,617.92,2.448,375.488,19.4107,52.7947,19.92
20.804,15,206.059,205.749,45.3867,48.6373,20.984,24.5293,617.664,2.234,322.187,19.1507,52.4,19.93
20.808,15,204.117,205.013,45.064,48.6827,20.5793,23.44,617.28,2.252,264.043,18.8853,52.9867,19.8893
20.7547,15,203.403,205.045,45.0853,48.616,20.904,22.604,617.109,2.33333,215.595,18.6693,53.6533,19.886
20.7147,15,203.221,205.013,45.3173,48.6373,20.7407,23.748,616.64,2.186,173.125,18.4633,54.2827,19.8467
20.6627,15,202.56,204.544,45.5573,48.504,20.6607,23.44,616.341,2.188,119.069,18.2353,55.1893,19.7767
20.5747,15,202.283,205.44,45.768,48.5627,20.922,22.8013,615.147,1.60667,31.1627,18.008,55.5547,19.7467
20.5133,15,202.976,205.525,45.976,48.5253,20.1407,23.9093,614.4,1.02733,18.6933,17.8093,56.3173,19.684
20.43,15,203.189,205.397,46.352,48.7467,11.426,21.4213,613.931,1.38733,4.45,17.6353,57.8533,19.6
20.3293,15,202.645,205.6,46.9973,49.048,11.866,13.2807,538.005,1.17333,-2.31267,17.4607,60.28,19.542
20.2373,15,202.784,205.408,47.552,49.2453,11.4427,14.24,149.411,0.287333,-3.44667,17.304,61.3787,19.4533
20.166,15,203.317,205.323,48.128,49.5893,11.524,13.3627,5.22067,0.41,-3.64267,17.1513,62.1067,19.3887
20.0807,15,203.296,206.272,48.5227,49.9173,11.622,12.696,0.782,0,-3.512,16.98,62.6507,19.328
19.9993,15,203.168,206.624,48.7547,50.1147,11.5887,13.8507,0.65,0,-3.512,16.8487,62.912,19.2867
19.9007,15,203.915,206.592,48.968,50.2453,11.6053,13.184,0.694,0.0933333,-3.44667,16.6807,62.8693,19.184
19.8167,15,203.968,206.112,49.0773,50.3467,11.4427,12.5813,0.65,0,-3.44667,16.532,62.7893,19.1367
19.732,15,203.776,207.403,49.2347,50.4187,11.5073,13.6227,0.694,0,-3.44667,16.3867,62.9733,19.0647
19.6387,15,205.632,208.053,49.3653,50.5067,11.7033,13.1027,0.65,0.116,-3.708,16.2753,63.0373,18.9627
19.554,15,205.237,207.989,49.088,50.3493,11.524,13.428,0.65,0.904667,-3.38133,16.144,62.8747,18.896
19.4633,15,204.512,208.619,48.6773,50.1733,11.524,12.5167,0.65,1.21533,-3.57733,15.9653,60.936,18.8153
19.35,15,205.397,209.184,48.3333,50.1227,11.524,14.8733,0.65,0.609333,-3.38133,15.746,60.1547,18.7227
19.2593,15,206.464,209.088,48.1173,50.0453,11.7033,13.2653,0.65,0.158,-3.38133,15.546,60.2187,18.6173
19.162,15,206.699,208.48,48,49.928,11.6867,13.3467,0.65,0,-3.44667,15.364,60.336,18.52
19.046,15,206.517,208.757,47.8933,49.8053,11.622,13.2,0.65,0.0986667,-3.38133,15.1487,60.6667,18.4573
18.954,15,207.467,209.536,47.8213,49.7253,11.6053,13.8827,0.65,0.168667,-3.38133,14.9427,61.0987,18.3593
18.8467,15,207.808,209.728,47.9173,49.688,11.7847,13.428,0.65,0.108667,-3.25067,14.7953,61.4773,18.232
18.7407,15,207.744,210.059,47.9253,49.6347,11.4427,13.2653,0.65,0,-3.38133,14.696,61.6667,18.1647
18.6447,15,208.107,211.232,47.5653,49.6027,11.6053,13.3453,0.65,0.139333,-3.25067,14.5747,61.7653,18.0867
18.5533,15,207.84,211.616,47.2747,49.5547,11.6867,14.1427,0.65,0.308667,-3.316,14.468,61.912,17.9947
18.4487,15,208.256,210.688,47.512,49.5627,11.6053,13.184,0.65,0.0746667,-3.316,14.322,61.84,17.8553
18.336,15,208.907,211.755,47.5413,49.5547,11.524,12.4187,0.65,0,-3.512,14.184,62.2853,17.8007
18.2307,15,208.523,210.56,47.5227,49.56,11.7847,11.6053,0.65,0.0906667,-3.25067,14.046,62.664,17.7053
18.1367,15,208.107,209.728,47.6267,49.5627,11.6053,13.4433,0.65,0,-3.44667,13.9547,62.8453,17.6067
18.0273,15,208.181,209.76,47.3493,49.5627,11.524,13.5907,0.65,0,-3.316,13.8393,62.9493,17.508
17.912,15,207.797,209.664,47.2507,49.5653,11.6053,13.3467,0.65,0,-3.316,13.6747,63.3387,17.4033
17.8267,15,207.541,210.08,47.0373,49.5627,11.524,13.7533,0.65,0,-3.25067,13.536,63.512,17.3527
17.73,15,208.032,210.368,47.28,49.568,11.866,13.428,0.65,0.259333,-3.12,13.412,63.9253,17.2427
17.6147,15,208.309,210.955,47.1307,49.584,11.5073,13.5907,0.65,0,-3.316,13.25,64.3147,17.1433
17.522,15,208.416,211.541,47.0053,49.5947,11.524,13.3467,0.65,0,-3.18533,13.0887,64.6,17.054
17.4207,15,209.76,212.395,46.8293,49.608,11.6053,13.5093,0.65,0.0746667,-3.12,12.914,64.744,16.9433
17.3353,15,209.867,214.421,46.9333,49.6133,11.6867,13.428,0.65,0,-3.12,12.7713,64.928,16.8427
17.2207,15,210.432,214.176,46.9733,49.6293,11.3447,13.5907,0.65,0.0493333,-3.18533,12.6493,65.0453,16.722
17.1087,15,210.741,212.331,46.368,49.6267,11.622,13.672,0.65,0.325333,-3.12,12.56,64.88,16.6233
17.0033,15,211.104,214.976,46.5947,49.6293,11.768,13.964,0.65,0,-3.25067,12.3647,65.1867,16.53
16.9047,15,210.709,214.699,46.68,49.6507,11.7847,14.5,0.65,0.332,-3.18533,12.1907,65.528,16.4233
16.8193,15,211.893,212.715,46.68,49.6933,11.4427,12.0287,0.65,0.129333,-3.12,12.07,65.6533,16.326
16.7153,15,211.179,212.512,46.8613,49.6507,11.6867,13.2653,0.65,0.861333,-3.18533,11.9433,65.8667,16.2247
16.5953,15,210.069,211.349,46.9227,49.7173,11.524,13.428,0.65,0.524,-3.18533,11.846,66.088,16.1033
16.4847,15,209.557,210.56,46.8827,49.7387,11.6053,13.5907,0.65,0.655333,-3.25067,11.7327,66.3627,15.9947
16.3653,15,209.077,210.283,46.5227,49.7707,11.6053,14.192,0.65,0.290667,-3.042,11.6447,66.088,15.9033
16.2653,15,208.085,209.792,46.2027,49.7467,11.7033,13.736,0.65,0.268667,-3.12,11.61,65.9893,15.8133
16.1733,15,206.837,209.088,46.3147,49.784,11.5073,13.5413,0.65,0.119333,-3.18533,11.55,65.952,15.7187
16.0647,15,207.019,208.928,46.072,49.7627,11.7033,13.5093,0.65,0.036,-3.12,11.478,66.072,15.6307
15.962,15,206.229,209.152,45.464,49.5973,11.7033,13.476,0.65,0.83,-3.12,11.4633,66.736,15.5447
15.8787,15,205.792,209.28,46.0533,49.784,11.768,13.184,0.914,0,-3.25067,11.4407,65.8907,15.4367
15.78,15,205.984,208.971,46.048,49.7973,11.524,13.5093,5.00133,0.106667,-3.12,11.35,66.1333,15.3247
15.6987,15,205.739,209.739,45.9467,49.8293,11.6053,13.5907,145.669,0,-3.10733,11.2587,66.2373,15.26
15.6027,15,206.187,210.304,45.7573,49.8213,11.6867,14.2893,589.803,0,-0.922667,11.168,66.2667,15.1807
15.5007,15,205.963,209.856,45.7893,49.8107,14.2713,22.8013,611.883,0,10.5553,11.0673,66.3413,15.074
15.43,15,207.243,210.421,45.9573,49.848,20.8233,24.204,613.333,0,49.5333,10.9833,66.24,15.004
15.3713,15,207.499,210.624,46.0907,49.832,21.066,22.7147,615.424,0,89.1253,10.9873,65.768,14.9533
15.3433,15,207.477,210.411,46.2613,49.752,20.9853,23.44,616.981,0,132.357,11.114,65.2347,14.8947
15.3007,15,207.595,210.645,46.3653,49.6373,21.166,23.4853,617.963,0.148,183.205,11.2873,64.2427,14.868
15.2947,15,207.712,210.443,46.6747,49.5973,21.1487,29.5333,618.901,0.452,234.069,11.5767,63.3787,14.8333
15.3207,15,208.053,210.08,46.7973,49.4053,21.3447,40.2707,619.243,1.41067,281.493,11.94,63.0133,14.856
15.3673,15,208.363,209.92,46.656,49.1253,22.6293,50.4693,619.669,1.40667,331.712,12.3293,62.9787,14.8933
15.4533,15,207.349,208.757,46.6747,48.624,31.3053,73.44,620.181,1.52333,381.845,12.7533,63.0533,14.9893
15.5667,15,207.712,208.725,46.744,48.2827,40.1347,87.376,620.651,1.534,429.867,13.218,62.912,15.1233
15.7193,15,207.381,207.627,46.4907,47.9253,41.6773,113.147,621.248,1.78467,477.205,13.7633,62.672,15.3167
15.912,15,207.072,207.573,46,47.68,50.8747,113.509,621.803,1.64733,521.323,14.3407,62.0533,15.52
16.1507,15,206.923,207.648,45.7627,47.5067,51.6533,113.243,622.272,1.91667,561.003,14.9293,61.2187,15.7787
16.404,15,206.453,207.52,45.6293,47.3547,51.6533,132.709,622.571,1.74533,596.779,15.5713,60.4507,16.0433
16.7087,15,206.229,207.104,45.5253,47.1787,62.5813,142.443,622.613,2.32267,625.728,16.246,59.28,16.3513
17.0047,15,205.589,207.061,45.48,47.168,81.5627,142.608,623.637,2.17733,662.464,16.936,57.7653,16.6787
17.3027,15,205.355,206.763,45.432,47.0773,81.9413,142.8,623.893,1.88533,693.973,17.5153,57.1387,17.0093
17.6147,15,204.821,206.155,45.488,47.0107,81.7227,142.352,624.192,2.11267,716.501,18.14,55.9973,17.3733
17.9253,15,204.533,205.952,45.4133,46.8933,81.664,143.12,624.235,2.174,738.389,18.73,54.912,17.7327
18.2773,15,203.477,205.643,45.2747,46.7067,81.2613,142.448,624.235,2.01667,761.344,19.308,54.1093,18.0813
18.634,15,203.339,205.344,45.144,46.5013,81.504,142.683,624.021,1.95867,764.416,19.8513,52.68,18.462
18.9313,15,203.627,205.973,45,46.3707,81.5813,141.637,624.533,1.82667,773.973,20.4247,51.5893,18.8107
19.278,15,203.595,205.216,44.8667,46.16,81.1627,142.4,624.491,2.14333,777.216,21.008,50.472,19.168
19.6307,15,203.275,205.355,44.624,45.9573,81.424,142.56,624.32,1.888,772.053,21.5,49.6027,19.5113
19.9507,15,203.115,205.397,44.4587,45.8107,81.4213,126.219,624.277,2.61267,778.965,22.0267,48.104,19.8427
20.2887,15,203.104,205.547,44.192,45.5093,81.3413,113.008,623.979,2.526,777.984,22.48,46.8907,20.146
20.5953,15,203.104,204.907,43.728,45.216,81.0027,112.837,623.637,3.25067,768.853,22.8667,46.2933,20.4473
20.8707,15,202.987,204.981,43.2667,44.9947,81.1013,113.04,622.912,2.578,751.744,23.2827,45.048,20.74
21.1547,15,203.317,205.056,43.3387,45.08,80.9227,112.571,622.528,2.63733,739.499,23.764,44.2,20.9973
21.4453,15,203.488,205.109,42.96,44.9653,80.7813,108.827,622.229,3.47333,715.051,24.1453,43.6,21.1987
21.7227,15,203.125,205.664,42.176,44.424,77.0987,83.2107,621.803,3.378,689.237,24.584,42.5733,21.48
21.984,15,203.115,204.949,41.7627,44.1547,51.064,84.048,621.76,3.32133,660.715,24.9333,42.2987,21.7
22.2307,15,202.752,205.515,41.2307,43.7867,51.1733,72.2027,621.333,3.186,627.392,25.288,41.3987,21.9
22.44,15,203.531,205.568,41.028,43.5973,45.0413,52.816,621.077,3.138,551.125,25.532,40.8213,22.0813
22.6267,15,202.805,205.515,40.648,43.7413,41.516,46.4987,620.992,2.464,551.211,25.712,40.4613,22.2333
22.8093,15,205.152,205.771,41.6613,42.9467,39.9387,43.0973,620.48,3.866,511.573,25.7133,39.7267,22.3627
22.96,15,206.699,206.144,41.964,42.5093,31.1267,32.5573,619.541,4.32533,466.24,25.4933,39.8867,22.428
23.088,15,205.12,205.76,41.4907,42.552,24.9253,24.5707,619.2,3.69667,421.141,25.232,39.6107,22.5453
23.168,15,204.363,205.984,42.064,42.5467,20.822,23.44,619.2,3.942,377.131,24.9213,39.4973,22.608
23.2293,15,204.16,205.344,41.6293,42.568,20.8233,22.7667,618.731,3.72133,327.36,24.612,39.1707,22.656
23.2533,15,203.413,205.76,41.064,42.7093,20.904,23.748,618.603,2.726,277.056,24.3627,39.292,22.6987
23.292,15,203.403,205.813,40.972,42.7733,20.742,23.3413,618.56,3.29,220.512,24.092,39.868,22.6933
23.2853,15,203.008,205.568,40.8467,42.7947,21.002,23.0107,618.219,2.31933,180.037,23.8507,40.2107,22.7213
23.2373,15,202.827,205.845,40.9213,42.9467,20.6427,23.144,618.005,2.818,113.149,23.6573,36.5533,22.7067
23.232,15,202.283,205.152,40.4413,42.2,20.8233,22.9453,617.323,2.176,35.044,23.5613,34.8293,22.7
23.2107,15,202.421,205.739,40.064,41.4773,20.8233,23.0453,616.896,2.26,28.7947,23.4107,33.4947,22.672
23.168,15,201.824,204.171,39.6947,40.7747,14.416,22.5867,616.64,1.93,13.6667,23.244,33.444,22.664
23.124,15,201.707,205.088,39.4147,40.2133,11.6053,14.16,616.469,1.706,-0.949333,23.0533,33.3893,22.62
23.0693,15,201.867,203.957,39.1667,39.6293,11.426,12.5167,261.873,1.34267,-3.96933,22.84,33.5227,22.58
23.008,15,202.389,205.184,38.9827,39.472,11.2133,13.46,6.80333,0.994,-3.96933,22.588,33.4773,22.5453
22.9413,15,202.443,205.568,38.88,39.4827,11.622,13.1027,0.958,0.717333,-3.83867,22.272,33.5253,22.46
22.88,15,202.176,205.163,38.7787,39.616,11.1653,13.5573,0.65,0.67,-3.96933,21.976,33.684,22.4147
22.8147,15,202.453,204.96,38.848,39.6427,11.2947,12.94,0.65,0.166,-3.904,21.7293,33.9613,22.344
22.7533,15,202.677,205.013,38.96,40.4027,11.5073,12.7607,0.65,0.659333,-3.96933,21.4427,35.9227,22.312
22.6707,15,203.616,206.475,39.6453,40.9093,11.2467,13.6227,0.65,1.32067,-4.03467,20.9693,43.7,22.24
22.5813,15,203.157,206.912,40.972,41.6827,11.524,13.1027,0.65,1.39533,-3.83867,20.5407,47.6267,22.1413
22.5013,15,203.189,207.008,42.0267,42.4907,11.8013,12.6953,0.65,1.462,-3.77333,20.156,49.864,22.064
22.4107,15,205.077,207.712,42.8187,43.3867,11.4427,12.94,0.65,1.21333,-3.77333,19.7633,51.464,21.944
22.296,15,204.512,207.648,43.344,43.8027,11.6867,13.0373,0.65,0.26,-3.904,19.4187,52.4693,21.8347
22.2107,15,204.405,207.264,43.6853,44.216,11.1653,12.7773,0.65,0,-3.64267,19.0547,53.5707,21.7267
22.1053,15,205.355,207.392,43.9707,44.5707,11.5073,13.5253,0.65,0.246,-3.44667,18.76,54.4773,21.6413
22.0293,15,205.205,207.819,44.216,44.8587,11.5887,12.94,0.65,0.427333,-3.708,18.55,55.2747,21.5427
21.916,15,204.075,207.936,44.512,45.12,11.426,13.102,0.65,0.134,-3.83867,18.362,55.952,21.44
21.828,15,205.707,207.776,44.712,45.2773,11.328,12.94,0.65,0.153333,-3.57733,18.048,56.48,21.332
21.7053,15,205.856,208.853,44.8507,45.4267,11.5887,12.012,0.65,0,-3.38133,17.628,57.7733,21.244
21.5867,15,205.195,209.152,44.984,45.5653,11.23,11.88,0.65,0.204667,-3.64267,17.4033,58.2107,21.1333
21.468,15,206.379,209.056,45.224,45.6907,11.5887,13.3627,0.65,0.153333,-3.57733,17.2867,58.5467,21.0173
21.3507,15,206.965,210.261,45.216,45.848,11.3447,13.2487,0.65,0.542667,-3.44667,17.1013,58.3573,20.9267
21.232,15,206.475,210.027,45.2853,45.9093,11.524,12.7607,0.65,0.0673333,-3.64267,16.856,59.3493,20.8133
21.1067,15,207.744,210.368,45.2133,46,11.7847,12.9233,0.65,0.0726667,-3.64267,16.7,58.624,20.7027
20.996,15,207.979,210.88,44.9787,46,11.426,13.2973,0.65,0.324,-3.25067,16.6827,53.952,20.608
20.8947,15,207.083,209.536,44.3707,45.7627,11.426,13.184,0.65,0.394667,-3.44667,16.59,52.3653,20.4853
20.776,15,207.328,208.789,43.9573,45.5707,11.7033,12.468,0.65,1.25267,-3.38133,16.668,50.4773,20.392
20.6987,15,206.357,209.12,43.5093,45.28,11.6867,13.8013,0.65,1.03867,-3.77333,16.7033,49.7733,20.3007
20.592,15,204.811,207.509,43.0133,44.8587,11.6867,12.8587,0.65,1.44667,-3.44667,16.6967,49.176,20.188
20.5147,15,204.629,207.157,42.4933,44.4507,11.2633,13.6227,0.65,1.14267,-3.512,16.7,48.528,20.1073
20.4233,15,203.296,207.136,42.208,44.1253,11.5887,13.1027,0.65,1.12,-3.44667,16.6967,48.1867,20
20.3433,15,202.656,206.677,41.9733,43.88,11.6053,13.1347,0.694,1.2,-3.44667,16.644,47.76,19.9493
20.2673,15,202.549,205.653,41.936,43.7173,11.4427,13.6067,0.65,0.966667,-3.38133,16.5807,47.4693,19.8933
20.1793,15,202.315,204.64,41.76,43.6267,11.524,13.184,0.65,0.878,-3.512,16.5007,47.2507,19.7733
20.096,15,201.035,204.672,41.6933,43.512,11.7847,12.6147,0.65,1.16867,-3.38133,16.3933,47.2347,19.74
20.0233,15,200.267,203.296,41.664,43.4773,11.524,13.6067,0.65,1.334,-3.44667,16.304,47.1653,19.65
19.9293,15,200.96,202.784,41.5813,43.296,11.6053,13.3467,0.65,1.088,-3.512,16.2067,47.2827,19.5467
19.852,15,200.587,202.027,41.6373,43.1653,11.622,13.0213,0.65,1.05667,-3.316,16.0947,47.4107,19.478
19.7693,15,199.712,201.739,41.912,43.312,11.4427,12.874,0.65,1.24867,-3.38133,15.892,48.0827,19.4033
19.6713,15,199.872,202.667,41.8427,43.3893,11.524,13.5093,0.65,1.696,-3.44667,15.618,48.7387,19.3153
19.5687,15,199.371,200.992,41.8507,43.344,11.6867,13.3467,0.65,1.26867,-3.512,15.3787,49.24,19.204
19.4567,15,198.88,201.813,41.7307,43.304,11.524,12.9233,0.65,1.01133,-3.512,15.1833,49.6053,19.1167
19.3667,15,198.539,201.771,41.696,43.3253,11.6867,13.184,0.65,1.36733,-3.316,15.0233,49.9493,18.988
19.2673,15,199.424,201.557,41.7733,43.3467,11.3447,12.012,0.65,1.19133,-3.25067,14.8673,50.32,18.8993
19.1653,15,198.699,202.059,41.9787,43.3307,11.8827,13.8173,0.65,1.028,-3.25067,14.7167,50.6933,18.8007
19.0533,15,198.645,202.293,42.056,43.3227,11.524,13.1027,0.65,0.924667,-3.38133,14.5533,51.0587,18.6707
18.9553,15,198.581,201.515,42.096,43.4053,11.5887,13.9147,0.87,0.42,-3.18533,14.3933,51.6187,18.6
18.87,15,198.816,201.461,42.216,43.416,11.622,13.184,5.88067,0.0386667,-3.316,14.2087,52.032,18.5007
18.77,15,197.952,201.824,42.2427,43.4827,11.6053,13.3467,137.773,0.168,-3.38133,14.046,52.3493,18.3613
18.664,15,198.4,201.269,42.296,43.5547,11.6867,14.9907,603.691,0.233333,0.0653333,13.9133,52.6667,18.2667
18.566,15,198.315,200.651,42.3147,43.592,15.3127,22.8653,612.651,0,13.264,13.7887,53.0347,18.18
18.4827,15,197.888,201.525,42.392,43.6267,21.1647,21.6693,614.293,0.509333,56.1853,13.718,53.4773,18.09
18.3767,15,198.571,201.077,42.3867,43.6347,20.8227,22.2093,616.043,0.677333,95.1067,13.744,53.4213,18.0127
18.322,15,198.549,201.003,42.4133,43.5893,21.1013,23.44,616.939,1.476,142.859,13.8533,53.488,17.9267
18.278,15,198.677,200.832,42.4027,43.5467,21.0847,23.44,618.005,0.903333,195.605,14.0593,52.3547,17.88
18.2513,15,198.453,201.323,42.4213,43.528,20.9847,31.5853,619.157,1.71,252.203,14.4153,50.7413,17.848
18.282,15,198.891,200.875,42.4053,43.448,21.1487,44.968,619.883,1.248,302.933,14.8213,50.1093,17.852
18.3193,15,199.285,200.533,42.3867,43.344,25.2673,53.8773,620.48,2.332,353.109,15.2467,49.7253,17.9067
18.3867,15,198.795,200.512,42.2933,43.1947,31.9067,80.9493,620.395,2.72267,402.603,15.676,49.496,17.9773
18.518,15,200.032,201.568,42.1413,42.9173,41.4347,94.976,620.779,2.12533,452.032,16.072,49.1067,18.0713
18.6427,15,200.16,201.333,42,42.6027,43.8613,113.317,621.248,2.57,497.109,16.448,48.7413,18.274
18.8013,15,200.341,201.131,41.96,42.344,51.2267,111.824,621.504,2.04667,536.832,16.856,48.1813,18.4667
18.9927,15,200.213,201.653,41.848,42.1147,51.5707,120.603,622.016,1.90467,578.475,17.258,47.9867,18.6693
19.196,15,200.917,201.632,41.976,41.9573,43.7707,122.776,622.187,2.24933,525.424,17.6527,46.944,18.8907
19.4273,15,200.768,202.112,41.784,41.6667,67.1427,129.085,622.869,2.31067,597.589,17.966,46.0267,19.124
19.668,15,201.739,202.4,41.6613,41.4587,80.3627,141.877,623.637,1.666,682.752,18.3547,45.2693,19.3593
19.9133,15,201.557,202.581,41.4293,41.0387,81.344,142.4,623.68,2.67933,710.528,18.7387,43.9413,19.612
20.1853,15,202.005,203.211,40.8373,40.844,81.264,142.261,623.723,1.53733,735.403,19.1587,43.1787,19.896
20.4393,15,202.219,203.061,40.4667,40.412,81.1813,142.88,624.32,1.45267,758.741,19.5507,42.552,20.1787
20.7053,15,201.92,203.616,40.0387,40.0307,81.1627,141.792,624.192,1.85467,774.699,19.9687,41.9173,20.4807
20.968,15,202.133,203.584,39.8027,39.8147,81.3413,141.456,624.149,2.16667,790.699,20.3593,41.2373,20.74
21.2427,15,202.325,203.381,39.6493,39.792,86.192,142.32,623.723,2.09333,801.877,20.7573,40.456,21.008
21.5107,15,203.157,204.203,39.6307,39.5827,110.693,142.32,623.68,2.54,809.813,21.116,39.7693,21.244
21.8027,15,202.837,204.992,38.1187,39.0827,85.768,142.56,623.637,2.268,810.496,21.4987,38.628,21.544
22.04,15,202.901,204.971,38.3253,38.8053,80.8427,142.96,623.68,2.12,807.509,21.8747,37.824,21.792
22.284,15,202.645,205.12,37.3253,38.608,81.1627,116.843,623.339,3.20133,804.821,22.236,36.632,22.0333
22.5053,15,202.933,204.843,37.5293,38.7027,80.9413,113.749,623.211,2.682,793.685,22.5973,35.7333,22.232
22.7253,15,203.083,205.003,37.2253,38.068,80.9227,113.664,622.955,3.39867,786.176,22.9813,33.0253,22.4133
22.952,15,203.509,204.992,36.604,37.9973,80.7627,112.917,621.931,3.214,764.075,23.3493,33.816,22.608
23.1547,15,203.595,205.589,35.4707,37.9147,80.7813,111.328,621.76,3.14133,743.723,23.7213,32.5293,22.7773
23.3453,15,203.189,205.461,34.8893,37.8307,81.0027,83.28,621.589,3.66733,716.715,24.1267,31.788,22.924
23.4933,15,203.435,205.077,34.6267,37.7267,56.656,82.608,620.949,4.556,686.421,24.4333,29.9693,23.0587
23.6413,15,204.213,205.248,34.124,37.988,51.144,72.3067,620.48,4.748,652.8,24.4307,27.304,23.1813
23.788,15,203.211,203.989,31.7,36.2013,51.0613,52.88,620.437,4.75333,619.584,24.5187,26.5627,23.2613
23.9027,15,202.752,204.779,30.7213,35.7933,41.3187,46.7333,620.437,3.842,579.264,24.6267,28.112,23.368
24.016,15,203.413,204.939,30.748,35.992,41.436,40.7933,620.011,4.54133,535.189,24.7013,26.4293,23.4227
24.0733,15,203.84,205.408,30.268,34.7947,31.0453,32.6547,619.669,3.42133,490.155,24.4933,24.1,23.456
24.128,15,202.528,205.472,29.9387,33.3707,24.0453,22.8833,619.541,4.74733,442.283,24.2827,23.0013,23.5
24.192,15,203.499,205.248,30.1653,33.6693,20.6607,23.0627,619.2,4.818,393.045,23.9573,22.728,23.512
24.192,15,202.528,204.832,28.5853,32.396,20.904,23.324,619.157,4.378,342.037,23.7067,22.776,23.504
24.184,15,202.507,204.768,28.224,32.04,20.742,23.2253,618.603,4.27867,291.84,23.468,23.3413,23.484
24.128,15,202.283,204.96,27.9373,30.9627,20.9853,21.8027,618.56,4.096,242.315,23.256,23.9147,23.4773
24.076,15,201.771,204.949,27.7613,30.1373,20.7413,22.6853,618.048,3.78267,192.832,23.0467,23.488,23.4333
24.008,15,202.539,204.149,27.5773,29.5947,20.922,23.028,617.877,3.444,140.587,22.7973,23.3107,23.376
23.9293,15,202.261,203.584,27.3973,29.668,21.002,23.0453,616.811,3.84067,28.104,22.5693,23.5013,23.328
23.8427,15,202.08,203.371,27.3707,30.2067,20.5613,23.1267,616.085,3.52133,18.3287,22.3187,23.7227,23.248
23.7573,15,202.08,204.725,27.344,30.7907,12.3513,22.9467,615.957,3.11267,8.186,22.0693,23.7413,23.1653
23.6547,15,202.507,204.768,27.3253,29.8547,11.426,13.542,615.381,3.37533,-1.392,21.8053,23.8293,23.088
23.548,15,202.293,203.797,27.084,29.676,11.5073,13.6387,218.165,2.95067,-3.96933,21.548,24.0973,22.9787
23.444,15,202.165,204.853,27.2373,29.884,11.2467,12.8747,9.56933,2.258,-4.03467,21.2853,24.2387,22.908
23.3667,15,202.507,204.939,27.2987,30.0093,11.23,13.2813,0.958,2.232,-3.64267,21.0133,24.3547,22.812
23.284,15,202.528,204.437,27.7253,30.172,11.328,12.76,0.65,1.60133,-3.96933,20.7853,24.6893,22.732
23.1987,15,201.973,203.765,27.8693,30.176,11.4093,12.94,0.87,1.57067,-3.96933,20.5533,24.7373,22.62
23.0933,15,202.336,205.088,27.4587,29.8813,11.1653,12.8573,0.65,1.12067,-3.96933,20.324,24.7093,22.5493
22.992,15,202.197,204.181,27.5667,30.656,11.3113,13.184,0.65,1.47133,-3.70733,20.0947,26.3573,22.436
22.9067,15,202.016,204.203,28.58,30.4213,11.1653,13.086,0.65,0.760667,-3.77333,19.8867,31.7573,22.352
22.8147,15,202.432,205.387,29.7667,30.88,11.7033,13.0213,0.65,0.510667,-3.708,19.692,34.496,22.272
22.7213,15,202.549,205.6,30.7547,31.3613,11.524,12.94,0.65,0.096,-3.708,19.4847,35.7227,22.1627
22.6093,15,202.059,205.109,31.6293,32.2387,11.328,13.5413,0.65,0.308667,-3.83867,19.2573,36.9253,22.0693
22.508,15,202.048,205.664,32.2467,32.8507,11.3447,13.2813,0.65,0.311333,-3.96933,19.062,37.5907,21.9787
22.4013,15,202.581,205.984,32.8147,33.3027,11.6053,12.94,0.826,0.072,-3.904,18.876,38.044,21.86
22.2853,15,201.76,205.888,33.788,34.032,11.524,13.1187,0.738,0.82,-3.83867,18.7247,39.14,21.7853
22.1987,15,202.4,205.312,34.0467,34.296,11.4093,12.94,0.65,0.531333,-3.83867,18.5247,39.0107,21.668
22.0827,15,202.229,206.571,34.2947,34.6213,11.23,13.704,0.65,1.02333,-3.77333,18.274,37.572,21.564
21.976,15,201.984,206.069,33.7,34.3907,11.2467,13.1027,0.65,0,-3.64267,18.0367,35.4787,21.4293
21.8653,15,202.741,205.664,33.1973,34.1307,11.5073,12.76,0.65,0,-3.77333,17.7913,34.168,21.332
21.7493,15,202.709,206.624,33.0093,34.036,11.426,13.0213,0.65,0.321333,-3.77333,17.5287,32.4027,21.2053
21.6267,15,201.909,205.365,33.0547,33.8347,11.524,13.0367,0.65,0.724667,-3.44667,17.3107,30.0493,21.1067
21.4827,15,202.272,205.451,32.3093,33.352,11.768,13.428,0.65,0.598667,-3.57733,17.106,29.0813,20.952
21.3667,15,202.005,204.203,32.4173,33.1173,11.524,13.184,0.65,0.672667,-3.64267,16.906,27.948,20.8267
21.24,15,201.355,204.555,31.936,32.7307,11.524,12.5167,0.65,0.578,-3.64267,16.7027,27.6733,20.728
21.0907,15,201.152,204.128,31.624,32.348,11.426,13.5413,0.65,0.534667,-3.25067,16.5213,27.5413,20.5867
20.968,15,200.128,203.285,31.2933,32.0213,11.328,13.0213,0.65,0.176,-3.57733,16.318,27.86,20.46
20.836,15,200.725,203.989,30.7173,31.8173,11.622,13.2973,0.65,0.0413333,-3.512,16.1273,28.0867,20.3333
20.72,15,200.363,203.851,31.0107,31.8093,11.6053,13.184,0.65,0,-3.38133,15.966,28.0707,20.184
20.6053,15,200.267,202.955,31.4453,31.9227,11.524,13.184,0.65,0.170667,-3.44667,15.7953,27.9787,20.0513
20.4853,15,200.683,203.659,30.8453,31.596,11.6053,12.5813,0.65,0.08,-3.44667,15.646,27.9867,19.9513
20.356,15,199.861,202.357,31.3987,31.732,11.5073,14.1253,0.65,0.394667,-3.512,15.478,27.9333,19.8207
20.228,15,199.797,202.923,33.268,32.6293,11.524,13.8013,0.65,1.10533,-3.64267,15.3293,27.476,19.708
20.104,15,199.84,202.432,31.9867,32.1027,11.622,13.2653,0.65,0.466667,-3.18533,15.1447,27.7413,19.5073
19.9833,15,200.565,203.093,31.1507,31.4467,11.6053,13.0213,0.65,0.096,-3.316,14.9567,28.0253,19.4027
19.8527,15,199.819,202.101,31.8213,31.7013,11.524,12.9393,0.65,0.036,-3.316,14.784,28.268,19.28
19.7167,15,199.893,201.835,31.912,31.72,11.524,13.688,0.65,0.0853333,-3.25067,14.6453,28.3133,19.1587
19.5907,15,199.712,202.336,32.112,31.728,11.768,13.1027,0.65,0.109333,-3.38133,14.4833,28.4693,18.9833
19.456,15,198.752,202.475,32.3413,31.8893,11.524,12.598,0.65,0.384,-3.316,14.3047,28.564,18.8673
19.3327,15,199.627,202.848,32.0093,31.7853,11.6867,14.1587,0.65,0.096,-3.25067,14.152,28.712,18.7433
19.2033,15,199.851,202.453,31.8333,31.6227,11.5887,14.5653,0.65,0.230667,-3.316,13.9987,28.796,18.5967
19.0613,15,199.221,202.272,31.988,31.5747,11.622,14.5813,0.65,0.036,-3.57733,13.8247,28.996,18.472
18.9253,15,199.2,202.059,32.46,31.6027,11.524,13.2653,0.65,0.0773333,-3.18533,13.6627,29.1547,18.306
18.8093,15,198.816,201.504,32.3147,31.3413,11.5887,13.184,0.65,0.212667,-3.18533,13.504,29.284,18.178
18.6687,15,199.307,202.688,33.092,31.4453,11.6867,13.428,0.65,0.036,-3.25067,13.2247,30.3013,18.068
18.5507,15,199.68,202.699,32.508,31.4293,11.6867,12.256,0.65,0,-3.25067,13.028,30.3373,17.9433
18.4133,15,200.149,202.923,33.3027,31.3933,11.7033,14.4027,1.046,0,-3.18533,12.8633,30.972,17.8107
18.2613,15,200.224,203.701,33.7827,31.556,11.6053,13.5093,8.384,0,-3.18533,12.5387,32.5093,17.676
18.1113,15,201.099,204.491,33.9067,31.7413,11.5887,13.1027,189.812,0.112,-3.25067,12.276,33.0027,17.508
17.9547,15,201.312,205.152,34.0427,31.9453,11.6053,13.5907,601.408,0.189333,0.754,12.1333,33.288,17.4167
17.8193,15,201.131,205.44,33.5013,31.7613,14.1267,22.8213,611.925,0.088,14.6713,12.0307,33.1227,17.284
17.694,15,201.451,205.323,33.4293,31.6867,21.3447,23.44,612.48,0,28.0253,11.9333,33.1173,17.1513
17.5847,15,201.355,204.875,33.0987,31.6253,21.408,23.44,613.483,0,100.493,11.866,33.1867,17.05
17.4973,15,201.195,204.139,32.98,31.6307,21.0853,23.44,616.085,0,140.757,11.9033,33.1973,16.9367
17.428,15,201.291,204.171,32.9253,31.5733,21.3267,25.304,617.237,0,214.747,12.098,33.128,16.8993
17.378,15,201.131,205.355,33.26,31.5893,20.8233,29.3093,617.408,0.052,194.971,12.354,33.048,16.852
17.3533,15,200.576,205.408,33.396,31.7053,21.0033,26.932,616.896,0.0546667,146.224,12.5693,32.9013,16.8367
17.3233,15,200.672,205.003,33.208,31.7787,23.6213,37.948,617.536,0,232.352,12.754,32.668,16.8
17.3433,15,200.8,205.131,32.996,31.6333,30.3913,60.3067,618.859,0.103333,347.419,13.0087,32.3773,16.8133
17.3807,15,201.067,203.221,33.0453,31.544,33.626,70.5627,620.779,0.712667,364.512,13.352,32.168,16.884
17.4253,15,200.853,202.699,33.0573,31.5053,27.1373,47.86,618.901,0.911333,244.059,13.718,32,16.94
17.4513,15,200.128,202.656,33.2467,31.4693,21.004,23.3147,616.597,0.89,139.413,13.9233,32.14,16.96
17.476,15,200.928,202.123,33.412,31.4453,26.534,41.4173,616.555,0.912667,253.739,14.0247,32.412,16.9973
17.5593,15,201.077,202.667,32.9533,31.296,55.2867,100.936,620.267,0.816,567.221,14.2693,32.284,17.11
17.6953,15,201.877,202.475,32.752,31.204,62.3467,104.237,621.248,0.644,638.4,14.736,31.96,17.2353
17.894,15,201.835,202.56,33.3547,31.0493,85.5893,142.784,624.96,0.558,863.232,15.2233,31.5613,17.4653
18.138,15,201.824,203.616,33.5787,30.8067,72.3093,116.571,623.083,1.31867,706.88,15.7213,31.152,17.6967
18.37,15,201.963,203.605,33.9867,30.5907,103.264,140.56,623.467,2.66267,897.92,16.216,30.8693,17.9613
18.628,15,201.76,203.861,34.0093,30.4333,107.936,142.88,622.784,2.80933,889.088,16.6167,32.0027,18.2707
18.8673,15,202.048,204.053,34.1347,30.3267,87.8107,142.123,622.187,2.76533,815.701,16.9427,33.0627,18.5447
19.0773,15,202.432,203.797,34.172,30.4453,74.0813,112.059,621.035,2.722,636.853,17.1147,33.624,18.7987
19.2573,15,202.475,203.285,34.3493,30.68,89.8453,124.133,620.011,2.8,721.024,17.22,34.5707,18.9633
19.46,15,202.741,204.213,34.424,30.6893,87.768,120.416,620.309,3.15533,719.125,17.336,34.9547,19.144
19.674,15,203.125,204.843,34.42,30.716,107.173,139.419,621.248,3.62133,923.307,17.432,36.2973,19.3513
19.8773,15,203.467,204.992,34.456,30.812,92.8,125.2,621.291,3.284,800.811,17.7253,36.7747,19.5573
20.0227,15,203.371,205.621,34.508,31.024,60.9733,87.9947,619.371,3.12733,567.211,17.9847,37.2213,19.6827
20.1547,15,203.52,204.789,34.636,31.176,86.0933,115.816,619.755,2.638,709.525,18.1293,38.032,19.7933
20.3027,15,203.648,205.12,34.7,31.392,107.72,115.44,620.523,3.41067,844.544,18.2333,38.5853,19.932
20.47,15,203.787,203.68,34.8613,31.4013,81.2427,113.909,620.779,3.48467,804.139,18.5287,37.7413,20.0893
20.612,15,203.264,204.629,35,31.5813,81.1013,113.835,619.627,2.988,759.253,18.7153,37.748,20.206
20.752,15,203.989,205.173,35.0293,31.736,81.1813,95.3973,619.157,3.42533,727.552,18.9033,38.2747,20.326
20.8893,15,204,204.821,35.268,31.9213,80.2213,83.536,618.859,3.76133,698.667,19.1187,38.7213,20.4167
21.0227,15,204.075,204.747,35.408,32.0427,54.872,83.952,618.859,2.864,680.533,19.3047,38.544,20.508
21.144,15,204.917,204.747,35.66,32.248,50.456,61.12,619.115,2.828,634.539,19.474,38.3493,20.564
21.2653,15,203.947,205.013,35.6053,32.4453,49.596,52.0427,619.157,3.38733,610.965,19.4947,38.756,20.584
21.3613,15,204.864,204.608,35.3067,32.6147,49.6453,51.8,619.2,3.13467,643.691,19.3533,39.632,20.64
21.428,15,205.248,204.96,35.976,32.696,26.7467,33.0667,618.005,3.08267,386.677,19.2653,39.792,20.656
21.4253,15,204.544,204.896,35.1373,33.1053,22.3853,24.0413,616.469,2.52267,274.933,18.846,40.78,20.624
21.4013,15,203.349,204.885,35.3747,33.3693,25.6253,23.2253,616.896,2.72467,394.016,18.3973,42.2267,20.604
21.3987,15,203.115,204.832,35.276,33.7387,20.84,23.8467,616.811,2.524,360.128,18.1473,43.5467,20.572
21.3773,15,203.157,204.181,35.592,33.8933,20.8067,23.44,616.981,2.806,311.467,17.91,44.3253,20.516
21.328,15,202.549,203.659,35.7253,34.028,20.9047,23.08,616.64,2.46733,253.899,17.7107,44.8133,20.4813
21.232,15,202.549,203.403,35.944,34.4093,20.7407,23.224,616.085,1.90333,188.163,17.478,45.4107,20.42
21.1373,15,202.965,204.405,36.1467,34.6053,20.7413,22.8653,614.891,1.57067,37.8333,17.2947,45.8053,20.328
21.0493,15,202.315,204.917,36.304,34.788,20.9213,23.6187,613.845,0.961333,28.0513,17.1387,46.016,20.2333
20.9453,15,202.208,203.883,36.4827,35.008,17.2953,23.3413,613.76,0.791333,13.1867,16.9727,46.536,20.1507
20.8373,15,202.987,205.419,36.6387,35.36,11.3613,17.0393,613.675,0.71,4.21467,16.8093,46.3813,20.0667
20.7253,15,203.051,205.088,36.804,35.552,11.6053,14.3213,472.864,0.407333,-1.61067,16.6647,47.008,19.9787
20.624,15,202.507,205.355,36.996,35.488,11.6867,13.428,117.937,0.674667,-3.316,16.5107,47.52,19.8893
20.5253,15,202.912,204.971,36.9027,35.3493,11.524,12.598,7.9,1.20067,-3.57733,16.2873,45.9387,19.7967
20.41,15,202.144,205.12,36.552,35.336,11.524,14.776,0.914,1.374,-3.64267,16.0387,44.704,19.712
20.2747,15,202.805,204.747,36.2773,35.3853,11.7033,13.2653,0.65,0.86,-3.44667,15.828,44.5867,19.586
20.162,15,201.888,204.075,36.0987,35.3267,11.524,13.1027,1.13333,0.709333,-3.77333,15.628,44.584,19.444
20.05,15,202.677,204.992,35.9427,35.3373,11.6867,13.0213,0.65,0.695333,-3.38133,15.4227,44.6987,19.3553
19.9227,15,202.923,205.013,35.8867,35.1947,11.3447,13.2653,0.65,1.016,-3.77333,15.2547,44.8907,19.2667
19.8027,15,202.357,204.875,35.86,35.0827,11.4427,13.2653,0.65,1.302,-3.38133,15.0887,45.1733,19.1527
19.6587,15,202.837,204.949,35.7947,35.0893,11.7033,12.94,0.65,1.218,-3.25067,14.8947,45.7573,19.018
19.5333,15,202.688,205.045,35.8,35.052,11.524,12.0287,0.65,1.51067,-3.38133,14.6867,46.4267,18.8973
19.3947,15,202.496,206.443,35.776,35.06,11.6053,13.8013,0.65,1.394,-3.25067,14.4473,47.04,18.7627
19.2573,15,202.944,206.133,35.776,35.1667,11.6867,13.3467,0.65,1.13,-3.316,14.2233,47.3547,18.632
19.1207,15,202.795,206.069,35.784,35.2733,11.524,13.3467,0.65,0.632,-3.38133,14.0553,47.408,18.486
18.9867,15,203.029,206.176,35.7653,35.3093,11.524,13.3467,0.738,0.732667,-3.25067,13.924,47.52,18.3887
18.8833,15,203.157,205.6,35.7427,35.34,11.622,13.5093,0.65,0.55,-3.38133,13.7947,47.6293,18.2767
18.7667,15,203.029,206.763,35.712,35.348,11.6867,13.3467,1.968,0.962667,-3.25067,13.6853,48.0133,18.1667
18.634,15,203.243,206.549,35.7253,35.3853,11.6053,13.2653,0.65,0.840667,-3.316,13.592,48.2133,18.0167
18.526,15,202.016,205.76,35.6373,35.3947,11.524,13.5093,0.65,0.647333,-3.18533,13.5033,48.512,17.9127
18.3987,15,203.157,207.392,35.6213,35.4267,11.6053,13.5413,0.65,0.642,-3.316,13.4127,48.8187,17.8187
18.29,15,202.965,207.424,35.6373,35.4853,11.7033,13.688,0.826,0.757333,-3.316,13.3067,48.9147,17.7153
18.17,15,203.179,207.019,35.612,35.504,11.67,13.5093,1.31,0.64,-3.25067,13.2267,49.08,17.5733
18.0567,15,203.979,207.392,35.6547,35.5827,11.524,13.1027,1.398,0.578667,-3.18533,13.1633,49.1093,17.4893
17.934,15,203.413,207.36,35.5707,35.5693,11.7847,13.8987,1.31,0.932,-3.18533,13.12,49.0293,17.41
17.8433,15,203.083,206.133,35.3733,35.4707,11.7033,13.672,1.266,1.348,-3.38133,13.09,49.0507,17.3013
17.7447,15,203.84,206.88,35.492,35.5773,11.6053,13.5093,1.31,0.896667,-3.18533,13.0633,49.376,17.188
17.6347,15,202.997,205.824,35.2707,35.3427,11.6867,12.7773,1.31,1.366,-3.25067,13.0933,51.472,17.1267
17.5373,15,202.731,205.088,35.5347,35.7587,11.7847,14.0613,1.31,1.17133,-3.18533,13.128,51.9253,17.028
17.4453,15,203.019,205.344,35.204,35.484,11.866,13.672,1.266,1.70133,-3.25067,13.1713,54.0427,16.9333
17.3727,15,202.219,204.832,35.2907,35.5813,11.6053,13.3467,1.31,1.638,-3.38133,13.2133,57.4267,16.864
17.286,15,201.365,204.661,35.4587,35.9467,11.524,12.8587,1.31,1.52267,-3.38133,13.186,58.512,16.7887
17.1733,15,201.675,203.275,35.4053,36.224,11.8013,14.532,1.31,1.90067,-3.316,13.0967,59.7013,16.72
17.0687,15,201.312,204.277,35.3933,36.5107,11.6053,13.3467,1.266,1.43,-3.18533,13.022,59.5947,16.632
16.9553,15,201.003,203.84,35.236,36.208,11.8493,13.5093,1.31,2.146,-3.25067,12.9233,59.9707,16.508
16.8433,15,201.28,203.392,35.3453,36.4,11.6053,13.5093,1.266,3.024,-3.18533,12.8353,60.9413,16.426
16.748,15,201.088,204.139,35.3173,36.912,11.6867,13.5907,1.222,2.25333,-3.25067,12.7113,62.9147,16.32
16.646,15,200.693,203.957,35.456,37.524,11.7847,13.7533,1.266,1.61533,-3.18533,12.584,63.464,16.2133
16.53,15,200.651,203.36,35.3493,37.9213,11.67,13.5907,1.31,1.44733,-3.18533,12.4753,64.136,16.1267
16.4313,15,201.077,202.795,35.1627,37.972,11.6053,13.5093,1.31,1.392,-3.18533,12.3727,64.952,16.0667
16.3187,15,200.949,202.581,35.0787,38.3627,11.8827,13.5907,1.222,1.164,-3.12,12.234,65.48,16.0093
16.2093,15,200.693,203.253,34.932,38.3133,11.6867,13.086,1.09,1.24067,-3.25067,12.0127,66.672,15.9047
16.1147,15,201.301,202.805,34.8987,38.2667,11.6867,13.5907,0.958,1.10133,-3.18533,11.828,67.048,15.8307
16.0107,15,201.301,202.581,34.9293,38.908,11.6053,13.2653,1.002,0.77,-3.12,11.6573,67.2347,15.7387
15.908,15,200.8,201.941,34.828,38.7493,11.6867,13.672,1.002,1.328,-3.17267,11.464,67.9973,15.6507
15.7487,15,200.875,202.112,34.596,37.732,11.7847,13.672,0.65,2.478,-3.042,11.3153,68.2133,15.526
15.6333,15,200.565,203.115,34.6347,38.2787,11.6053,14.1747,1.046,1.77333,-3.18533,11.2207,68.2267,15.44
15.5013,15,201.067,201.984,34.632,38.284,11.7033,11.866,1.442,1.79667,-3.18533,11.098,68.2693,15.3407
15.3813,15,200.96,202.283,34.6787,38.3507,11.622,13.184,14.356,2.77667,-3.042,10.9453,69.1387,15.2213
15.256,15,200.885,202.208,34.6653,38.3093,11.6867,13.5093,140.471,2.636,-2.3,10.7567,70.8613,15.0773
15.0933,15,200.779,201.504,34.6907,37.8613,11.6867,13.428,558.4,3.738,1.20867,10.6333,70.6773,14.9467
14.9493,15,200.651,201.771,34.684,38.0227,11.524,13.428,611.2,3.60133,5.68533,10.5313,69.888,14.7867
14.7967,15,200.693,201.472,34.6947,38.1747,11.7033,14.584,611.2,3.67,8.53733,10.4567,68.8187,14.6727
14.7393,15,199.733,201.387,34.78,39.0813,11.6053,20.8027,611.285,2.91667,8.53733,10.4333,69.6,14.5707
14.6693,15,199.861,201.643,34.8067,39.644,11.426,23.7,611.328,2.598,11.246,10.4233,70.3493,14.498
14.56,15,200.139,201.739,34.8293,39.568,16.354,23.96,611.371,3.056,19.4353,10.42,70.3227,14.4133
14.4907,15,199.872,201.643,34.952,39.7813,21.148,24.7893,611.755,3.296,26.204,10.4233,69.3173,14.3447
14.398,15,199.744,201.12,35.0693,40.104,21.4267,23.1733,611.797,2.65667,30.1853,10.4367,69.3173,14.26
14.3407,15,199.701,200.981,35.1827,40.52,21.3273,22.8013,611.84,2.44067,32.6533,10.4813,68.2107,14.1667
14.2793,15,199.808,201.248,35.2733,40.8853,17.9953,23.6813,611.84,1.674,20.2687,10.5733,67.552,14.1267
14.26,15,200.747,201.557,35.6093,41.772,21.23,23.44,611.883,1.17733,24.3327,10.6033,67.8533,14.0687
14.2107,15,199.947,201.675,35.6507,41.3613,21.23,23.144,612.011,1.56267,26.4893,10.6807,67.56,14.052
14.1667,15,199.84,201.728,35.696,41.5053,21.0667,23.6827,612.395,1.95467,36.3107,10.744,66.632,13.9833
14.1293,15,199.84,201.653,35.7693,41.4813,21.1653,23.2253,612.48,2.324,57.6053,10.8427,65.7147,13.96
14.102,15,199.904,201.152,35.6827,41.2507,21.3273,23.504,612.48,2.53333,68.0587,10.9853,65.0667,13.93
14.0833,15,199.68,201.845,35.7227,41.308,21.166,23.388,612.565,3.31133,105.912,11.1527,65.6827,13.9067
14.026,15,199.584,201.205,35.6013,40.8453,21.4087,24.0253,613.077,2.89733,145.067,11.352,67.504,13.8567
13.9967,15,200.117,200.789,35.6147,41.0547,21.3107,23.0453,612.651,3.424,88.2933,11.4947,66.8,13.8293
13.98,15,201.035,201.269,35.6733,41.244,21.4267,23.4053,612.48,3.404,57.02,11.5733,67.664,13.826
13.9767,11.6667,200.661,200.299,35.8853,41.6933,21.1487,23.4213,612.053,3.28733,34.5667,11.6133,69.0747,13.7947
13.97,10,200.843,201.12,36.0307,42.5173,21.5887,23.3413,611.883,1.858,32.4653,11.5933,71.8507,13.7767
13.9433,10.8,201.131,201.717,36.1547,42.7253,21.3113,23.324,611.84,2.574,45.9947,11.5567,72.512,13.77
13.8313,10,201.088,201.845,36.152,42.5573,21.2293,23.6013,612.011,3.71,84.8347,11.4967,74.8933,13.6987
13.8233,10,200.875,201.333,36.184,43.1733,21.4907,23.144,612.395,3.322,83.7493,11.5193,74.368,13.654
13.8167,10,200.597,201.952,36.1267,43.2373,21.5727,23.42,612.48,3.912,84.3947,11.614,71.8987,13.678
13.8,9.26667,200.597,201.568,36.2107,43.7093,21.328,23.42,612.48,3.42533,55.2373,11.7267,71.8347,13.682
13.76,9,200.352,201.792,36.2427,44.0587,21.49,23.324,612.437,3.814,38.5467,11.7467,72.2987,13.6267
13.7493,9.93333,200.704,201.739,36.428,44.5547,21.1827,23.584,611.883,2.55933,24.9133,11.7333,73.2613,13.6267
13.7633,10.7333,200.853,202.379,36.5253,45.1467,21.23,23.4227,611.968,2.62333,39.8627,11.7193,75.4587,13.6167
13.718,10.4667,200.448,201.461,36.5173,45,21.392,23.52,611.84,3.034,56.2013,11.604,74.1307,13.614
13.722,10,200.064,201.589,36.7187,45.9387,21.4087,23.4853,611.84,2.086,47.9733,11.4713,75.9147,13.61
13.6713,10,200.277,202.08,36.832,46.208,21.3107,23.504,611.883,1.75,69.36,11.3953,76.3627,13.5867
13.6567,10,200.629,202.091,36.9253,46.288,21.4733,23.4053,612.011,2.19133,80.2107,11.422,76.4293,13.57
13.64,9.26667,200.629,201.973,36.8773,46.528,21.4913,23.44,612.395,2.66467,89.9573,11.3927,76.632,13.55
13.6067,9,200.597,201.611,37.0547,46.8667,21.472,23.3053,612.053,2.82667,58.6827,11.3293,78.0693,13.5367
13.5827,9,200.331,200.928,37.0147,47.1493,21.3447,23.5827,611.84,2.58867,38.328,11.2527,77.6827,13.478
13.558,9,200,200.555,37.296,48.168,21.1487,23.6027,611.84,1.66267,45.0013,11.1667,78.1227,13.4473
13.554,9,200.096,201.707,37.9613,49.1627,20.026,23.404,611.84,1.61067,26.62,11.1467,77.7547,13.4207
13.4973,9,199.904,201.547,37.4853,47.9467,19.7033,23.34,611.84,1.786,25.0193,11.1567,77.336,13.4147
13.4433,9,199.936,201.024,37.5013,48.0933,13.93,23.6827,611.84,2.654,17.1953,11.0967,76.4693,13.378
13.4033,9,199.872,200.267,37.652,48.6293,17.9793,23.1613,611.84,2.16067,21.3073,11.066,75.6053,13.316
13.4,9,199.84,201.568,37.8293,49.1733,12.3687,23.504,611.84,1.66133,16.1693,11.0653,76.2133,13.302
13.3553,9,199.744,200.789,37.832,48.7707,11.622,19.7107,611.84,1.58,10.1267,11.054,76.488,13.272
13.2973,9,200.032,200.757,37.88,48.8853,11.328,14.0293,611.797,2.866,3.004,11.042,75.8293,13.23
13.2633,9,200.523,201.099,37.9067,49.2933,11.6053,13.4927,601.088,2.322,3.94067,11.0107,76.9227,13.178
13.2193,9,200.427,201.28,37.9507,49.56,11.524,13.932,463.488,2.40667,0,11,76.8533,13.1533
13.1607,9,200.363,201.003,37.908,49.4773,11.524,14.436,204.085,3.01867,-1.558,10.9933,76.7573,13.0933
13.104,9,199.968,200.885,37.944,49.512,11.7033,13.916,69.808,3.72133,-2.63933,10.892,77.456,13.0333
13.02,9,200.331,201.248,37.8707,49.752,11.4427,13.8827,18.0453,3.70733,-3.18533,10.8,76.936,12.9567
12.9473,9,200.235,200.256,37.972,49.992,11.5073,13.916,1.926,4.14667,-3.12,10.73,76.672,12.8527
12.892,9,199.765,199.68,38.0093,50.3147,11.5407,13.98,1.31,3.95733,-3.12,10.63,77.296,12.7967
12.822,9,199.136,199.179,38.1933,50.5973,11.524,13.704,1.31,3.74133,-3.042,10.5267,78.7387,12.708
12.7767,9,200.288,199.424,38.3653,50.8827,11.6053,13.948,1.31,3.85533,-3.18533,10.3927,80.184,12.638
12.7533,9,200,199.979,38.472,51.2027,11.426,13.428,1.31,3.938,-3.12,10.332,79.8347,12.5967
12.6993,9,200.075,199.413,38.3453,51.1093,11.622,13.688,1.31,3.41267,-3.12,10.244,79.648,12.5667
12.6,9,199.349,199.499,38.5213,51.5787,11.7847,13.6067,1.266,4.56,-3.18533,10.188,78.408,12.4713
12.54,9,198.869,199.211,38.7413,51.7867,11.4427,13.9973,1.31,4.85867,-3.042,10.1667,78.7733,12.3867
12.4807,9,198.784,201.472,38.856,51.9387,11.6867,13.6067,1.266,4.52333,-3.02933,10.0647,80.064,12.332
12.45,9,199.275,202.603,39.024,52.0427,11.524,13.7853,1.31,4.064,-3.12,10.0987,77.448,12.2767
12.43,9,199.317,202.155,39.148,52.2373,11.4427,13.7693,1.266,4.55267,-3.12,10.144,77.968,12.2493
12.39,9,199.328,202.037,39.264,52.272,11.5887,13.5093,1.178,3.52133,-3.042,10.1827,78.216,12.2153
12.3793,9,199.509,202.037,39.1587,52.4,11.28,13.704,1.222,3.014,-3.042,10.2513,77.2587,12.2107
12.348,9,199.296,202.059,39.1427,52.4933,11.5073,13.3467,1.09,3.316,-3.12,10.2767,78.7147,12.1687
12.3013,9,199.125,202.624,39.252,53.0773,11.4427,13.704,1.002,3.61133,-3.12,10.2833,78.3547,12.1367
12.242,9,198.709,202.123,39.568,53.4587,11.524,13.7533,1.178,4.922,-3.12,10.2833,81.0613,12.1027
12.206,9,197.685,200.928,39.7227,53.7093,11.6053,13.5253,1.31,4.44,-3.042,10.2187,83.1413,12.0593
12.1533,9,197.824,201.504,39.8267,54.2293,11.5887,13.704,1.31,4.73267,-3.042,10.2367,83.8053,12.0247
12.0867,9,197.664,201.365,40.0653,55.0267,11.524,13.444,1.222,6.32133,-3.042,10.258,83.7813,11.95
12.08,9,197.792,201.024,40.3427,55.0267,11.8827,13.7693,1.222,5.96733,-3.12,10.2867,83.2827,11.92
12.07,9,201.259,200.512,40.2333,55.1387,11.524,13.5093,1.222,4.73333,-3.02933,10.2767,81.872,11.89
12.0427,9,201.685,201.056,40.484,55.3547,11.524,13.3787,1.178,4.366,-3.12,10.2807,82.08,11.8933
12.0387,9,202.229,201.536,40.4227,55.3413,11.622,14.0293,1.09,4.41533,-3.12,10.332,81.7467,11.8833
12.0287,9,201.963,201.003,40.48,55.4027,11.6053,13.3467,0.782,3.606,-2.964,10.3213,83.4027,11.8547
12.024,9,201.867,201.088,40.74,55.5733,11.3447,13.5413,1.266,4.19933,-3.25067,10.3073,83.4347,11.8493
12.012,9,201.984,201.643,40.5827,55.7147,11.4427,13.8507,1.31,3.88067,-3.12,10.3927,83.5893,11.8553
12.02,9,202.027,202.251,41.0107,55.7387,11.622,13.8507,0.958,3.50467,-3.042,10.5267,80.4667,11.838
12.028,9,202.261,201.397,40.78,56.3867,11.7033,13.672,0.782,2.44933,-3.18533,10.62,80.616,11.8653
12.0567,9,201.152,202.635,41.152,56.744,11.6053,13.7693,0.826,1.55467,-3.12,10.6707,81.2427,11.8967
12.0667,9,201.696,201.419,41.1453,56.3147,11.524,13.8667,0.694,2.274,-3.18533,10.77,80.4107,11.8933
12.0767,9.6,201.931,201.824,42.0133,58.5013,11.5073,14.192,0.65,1.40133,-3.18533,10.8433,80.9973,11.8867
12.09,9.46667,202.059,202.72,43.3173,59.0987,11.6867,12.94,0.738,0.948,-3.12,10.894,80.592,11.9067
12.1033,9,202.592,203.317,44.1493,60.1867,11.6867,13.72,0.694,0.684,-3.238,10.9167,80.6427,11.94
12.1233,9,202.752,203.787,45.824,61.2853,11.5073,13.7853,0.694,0.202667,-3.25067,10.9133,81.5707,11.9267
12.1333,9,202.827,204.235,45.3813,61.056,11.6053,13.916,0.65,0.223333,-3.10733,10.8627,82.192,11.92
12.1167,9,202.88,204.117,46.4533,60.736,11.6867,13.2,0.826,0.036,-3.12,10.7767,82.544,11.9033
12.0933,9,202.88,203.787,46.872,60.68,11.6053,13.948,0.958,0.222667,-3.18533,10.7933,82.3627,11.89
12.09,8.8,202.816,203.915,46.8853,60.4293,11.6053,13.5907,0.87,0.813333,-3.042,10.844,81.9253,11.8767
12.08,8,203.445,204.469,48.3333,60.992,11.524,13.688,0.826,0.458667,-3.042,10.9053,81.8187,11.89
12.08,8,202.944,204.875,48.4933,60.8053,11.6867,13.8507,0.826,0.111333,-3.18533,10.93,81.5867,11.8487
12.0833,8,203.232,205.035,49.8027,61.0747,11.426,13.3467,0.738,0.0386667,-3.12,10.9633,82.3307,11.838
12.0767,8,203.765,205.408,49.4827,61.144,11.7033,13.948,0.65,0.267333,-3.042,10.94,82.4587,11.85
12.0767,8,203.691,205.355,48.8187,60.8773,11.6867,13.7853,0.65,0.809333,-3.18533,10.836,82.3573,11.838
12.0567,8,203.84,205.248,48.056,60.7467,11.6053,13.6227,0.826,0,-3.042,10.668,82.24,11.826
12.0353,8,204.064,206.005,47.7147,60.464,11.524,13.932,7.856,0.174,-3.12,10.5867,82.8747,11.8067
12.032,7.86667,204.864,206.56,47.3413,60.2373,11.622,13.7533,132.396,0.392667,-3.042,10.5767,83.6213,11.7733
12.024,7,205.557,207.253,49.064,61.0587,11.768,13.5907,471.253,0.036,-0.129333,10.5313,83.04,11.7633
12,7,205.205,207.52,48.5547,61.1493,11.2633,19.5293,611.84,0,10.96,10.4533,83.4347,11.7367
11.9767,7,205.92,207.808,47.9307,60.88,14.5493,23.584,611.968,0,25.02,10.3227,83.5253,11.7267
11.97,6.8,205.92,208.608,49.0827,61.0213,20.726,23.504,612.309,0.0386667,33.0253,10.2433,83.3813,11.6847
11.954,6.06667,206.592,209.76,48.744,61.1013,19.524,23.4213,612.352,0.254,30.6553,10.2093,83.328,11.686
11.9333,6,207.616,210.56,49.7467,61.176,21.67,23.4053,612.395,0.474,42.4893,10.152,83.1787,11.658
11.922,6.6,209.077,211.104,48.304,60.9493,21.3273,23.7973,612.437,0.422667,41.66,10.1493,82.4853,11.6387
11.9247,6.8,209.781,211.883,49.48,61.096,21.5887,23.584,612.48,1.07333,64.2187,10.136,82.208,11.6233
11.9087,7,210.592,211.979,48.9413,60.992,21.2293,23.144,612.48,1.80933,95.192,10.128,81.536,11.62
11.902,7,211.04,212.096,50.6693,61.2533,21.166,23.944,612.651,1.38,109.664,10.1493,80.8693,11.6233
11.922,7,212,212.053,50.576,61.168,21.3287,23.0627,612.864,1.184,114.112,10.1567,80.2427,11.6233
11.922,7.73333,211.883,211.755,50.3413,61.2213,24.0927,36.6427,614.08,0.707333,251.573,10.246,80.1493,11.65
11.986,8,211.285,211.616,50.464,60.6747,40.406,96.5227,617.963,0.458667,511.499,10.4933,78.2347,11.748
12.066,8,211.541,211.68,49.6133,59.1787,28.0173,56.816,618.261,1.424,319.563,10.9173,76.688,11.89
12.146,8.53333,212.064,211.573,49.032,57.944,23.2487,49.6693,617.024,0.590667,359.819,11.268,75.6533,12.0113
12.286,9,211.808,211.424,47.9573,57.488,27.136,53.0667,618.005,0.256667,387.456,11.6253,75.1787,12.1273
12.4233,9.66667,212.128,211.424,47.2507,57.5733,34.6853,70.7573,618.432,0.158,430.709,11.9887,74.7333,12.2493
12.5867,11.1333,212.203,210.976,47.0213,57.3867,45.4947,87.0933,619.968,0.329333,552.405,12.3453,74.1493,12.446
12.79,12,212.48,211.147,46.7573,56.824,60.1013,113.752,620.48,0.918667,605.717,12.732,73.384,12.6727
13.0267,12.5333,211.957,210.987,46.4907,56.1547,91.9053,121.019,621.675,1.39533,779.264,13.098,72.912,12.9413
13.314,13,212.384,211.339,46.2853,55.7653,100.944,140.064,622.357,1.82333,861.803,13.5493,72.3653,13.2507
13.6167,13,212.032,210.891,46.52,55.712,99.9627,135.883,622.272,2.72267,828.587,14.066,72.1013,13.5507
13.918,13,212.192,218.571,46.6133,55.9387,94.0573,125.771,622.144,1.50667,818.933,14.5387,71.1413,13.9167
14.2473,13,214.272,272.576,47.888,55.9227,105.139,162.965,621.845,2.13267,869.632,14.9273,70.3333,15.1893
14.528,13,216.736,246.091,46.8187,53.2827,86.0987,130.235,621.12,2.276,808.363,15.2093,70.4907,15.706
14.7947,13,220.011,318.592,46.1573,56.1227,83.8267,138.763,621.248,2.43267,860.672,15.542,70.216,15.814
15.0667,13.7333,224.235,463.317,46.0027,57.8453,81.8027,125.083,620.864,3.17733,817.28,15.8073,69.8773,16.3827
15.3207,14,229.92,382.976,45.7547,56.168,81.9813,124.544,619.925,2.458,799.36,16.0647,69.336,16.4167
15.5487,14,235.52,322.549,45.6507,56.2027,81.8213,112.091,619.627,2.98467,785.579,16.3113,68.9173,16.4647
15.7993,14,237.632,282.4,45.7787,56.024,81.584,113.232,619.328,2.57667,767.317,16.566,68.72,16.5753
16.0227,14,238.581,263.445,45.6747,56,81.7413,113.093,619.2,2.838,746.624,16.8107,68.2933,16.698
16.2587,13.8667,237.685,242.411,46.016,55.9893,67.3973,93.088,619.115,2.878,723.285,17.122,67.9787,16.7973
16.4933,13,235.968,231.2,46.8693,56.144,49.552,80.6667,618.816,2.37533,673.771,17.4013,67.368,16.916
16.7307,13,233.877,229.696,48.1147,56.1893,55.472,83.44,618.987,1.984,688.128,17.5967,66.7573,16.97
16.912,13,231.787,221.813,48.8827,56.272,51.6667,62.072,619.499,2.326,661.653,17.7133,66.2027,17.0593
17.086,13,226.656,225.696,52.0507,56.4693,44.1253,52.744,618.731,2.45467,595.605,17.792,65.8987,17.11
17.2727,13.7333,227.968,277.92,53.1413,56.9173,41.516,43.28,618.347,2.026,561.301,17.7367,65.248,17.352
17.4527,14,237.824,305.408,55.728,57.448,37.1893,35.0613,618.219,2.00267,509.547,17.6733,65.2533,17.6113
17.5873,13.2667,245.216,302.368,55.848,57.6347,31.2893,25.3413,617.877,1.89533,459.968,17.586,65.4427,17.7367
17.6767,13.2,240.48,266.763,56.712,58.032,27.2693,28.64,617.664,2.19467,404.245,17.416,65.656,17.7447
17.604,13,222.891,228.789,58.5307,58.9413,20.9847,23.9093,617.195,2.06067,317.285,17.184,66.264,17.5073
17.5533,13.3333,215.424,219.253,58.7227,59.3067,21.0673,22.5867,616.853,1.84,228.333,16.9753,66.6373,17.3927
17.4967,14,213.163,215.264,58.6453,59.248,21.1653,23.5213,616.128,1.83333,191.803,16.728,66.9493,17.28
17.442,14,211.691,213.525,58.7307,59.3067,21.084,23.3227,615.829,1.566,142.091,16.518,67.1253,17.2067
17.3613,14,212.821,214.165,58.2373,59.072,21.2467,23.6027,614.528,1.18467,38.3507,16.3367,67.048,17.1067
17.2713,14,212.747,213.643,58.592,59.4667,21.1487,23.9093,613.845,1.12333,29.7427,16.1513,67.368,17.0067
17.1667,14,211.797,212.907,58.712,59.688,21.3273,22.9813,613.76,0,18.4067,15.9613,67.536,16.8973
17.0987,14,209.493,210.805,58.6907,59.808,12.8247,23.44,613.76,0,8.34267,15.796,67.6907,16.7653
17,13.0667,210.24,210.784,58.872,60.128,11.6053,14.828,610.56,0.124667,-0.117333,15.6313,68.008,16.6873
16.9347,13,211.691,209.76,58.9973,60.5067,11.7033,13.3467,237.661,0.344667,-3.512,15.4573,68.7307,16.5627
16.86,13,211.435,211.317,58.6133,60.96,11.6053,13.3467,17.9573,0.625333,-3.44667,15.3333,69.2827,16.4667
16.778,13,212.789,213.173,59.2213,61.4053,11.524,13.3467,1.31,0.599333,-3.316,15.1667,70.0293,16.4027
16.67,13,213.195,213.621,60.28,61.9547,11.622,13.9973,0.65,0.191333,-3.25067,15.0233,70.3147,16.304
16.5313,13,213.963,215.616,60.9573,62.376,11.6867,13.2653,0.65,0,-3.44667,14.878,70.2453,16.1887
16.4187,13,214.965,215.957,60.952,62.4933,11.6053,13.1027,0.65,0.072,-3.57733,14.748,70.464,16.072
16.2967,13,215.157,215.936,60.6987,62.5947,11.6053,13.916,0.65,0.124,-3.316,14.604,70.536,15.964
16.2027,12.8667,214.603,216.48,59.9173,62.3413,11.524,14.5,0.65,0.542667,-3.25067,14.462,70.808,15.8567
16.0707,12,216.576,216.704,59.808,62.48,11.7033,13.3293,0.65,0.474667,-3.316,14.2833,71.0907,15.726
15.904,11.4667,216.203,218.603,59.9333,62.5627,11.7033,12.7767,0.65,0.191333,-3.316,14.0853,71.1547,15.5813
15.7933,10.4667,216.171,216.107,59.1147,61.9573,11.524,13.428,0.65,0.088,-3.316,13.92,70.9173,15.4713
15.68,10,215.488,215.467,59.7093,62.1573,11.524,13.428,0.65,0.124667,-3.18533,13.792,71.1067,15.344
15.572,10,215.093,217.195,60.1227,62.528,11.6053,13.3467,0.65,0,-3.12,13.6633,71.3653,15.2293
15.4493,10,215.915,216.608,59.8587,62.3627,11.7847,13.3467,0.65,0.072,-3.316,13.5367,71.2267,15.1033
15.3173,10,214.827,216.683,57.9893,60.8107,11.5407,13.948,0.65,0.0953333,-3.25067,13.368,70.1733,15.0027
15.1853,10,213.045,213.696,55.336,58.208,11.6867,12.4353,0.65,0.0413333,-3.18533,13.152,68.5253,14.876
15.016,9.86667,212.064,212.128,54.496,56.7547,11.7847,13.7533,0.65,0.0493333,-3.25067,12.9273,67.68,14.7
14.83,9.33333,212.384,212.683,54.3093,56.3173,11.524,13.7693,0.65,0.106667,-3.12,12.696,67.1653,14.5573
14.7013,9,211.819,212.149,53.712,56.1093,11.524,13.0213,0.65,0.351333,-3.25067,12.4913,66.9973,14.4067
14.56,9,211.659,212.629,53.1627,56.0347,11.5407,14.1267,0.65,0.71,-3.12,12.3153,67.016,14.2767
14.4327,8.66667,210.176,211.445,52.1947,55.2987,11.524,11.9307,0.65,0.731333,-3.316,12.1487,66.4853,14.1207
14.3,8,209.664,210.315,51.8667,54.6347,11.5073,13.5093,0.65,0.536,-3.18533,12.0067,66.2267,13.986
14.1747,8,208.864,209.344,51.208,54.5787,11.622,13.4593,0.65,0.684,-3.25067,11.8573,65.8187,13.876
14.088,8,207.392,209.141,50.8853,54.68,11.4427,13.3467,0.65,1.07,-3.12,11.7293,65.4987,13.75
13.968,8,207.115,208.896,50.648,54.5627,11.6053,13.948,0.65,0.966,-3.18533,11.6067,65.2667,13.6513
13.8427,7.06667,206.357,207.947,50.4907,54.3307,11.6053,13.768,0.65,1.18467,-3.18533,11.516,64.9093,13.5307
13.7387,7,206.667,208.384,50.3467,54.5147,11.524,13.428,0.65,0.774,-3.25067,11.4167,64.712,13.4267
13.6367,7,206.72,207.52,50.304,53.8267,11.8827,13.2813,0.65,0.916667,-3.10733,11.3233,64.7627,13.3333
13.5313,7.13333,205.835,207.04,50.272,54.1867,11.426,12.94,0.65,0.370667,-3.12,11.252,64.7253,13.256
13.41,7.86667,206.005,208.011,50.1707,53.864,11.6053,14.0453,0.65,0.503333,-3.042,11.138,64.072,13.14
13.3213,7.8,205.813,207.243,50.056,54.16,11.524,13.0047,0.65,0.392,-3.12,11.0227,63.9387,13.0473
13.2293,7,205.365,207.051,50.016,54.0347,11.524,13.428,0.65,0.153333,-3.12,10.9367,63.6,12.93
13.0987,7,205.216,207.616,50.0667,55.1867,11.6053,14.4993,0.65,0.864667,-3.18533,10.8247,63.488,12.8367
12.9807,7,205.493,207.264,50.0933,55.3387,11.524,13.1027,0.65,0.835333,-3.042,10.714,63.4267,12.708
12.8913,7,205.067,206.869,50.064,55.7333,11.4427,14.3213,0.65,1.10733,-3.12,10.6267,63.528,12.61
12.7967,7,205.621,207.072,50.0907,55.6213,11.6867,13.3467,0.65,0.872,-3.18533,10.548,63.6773,12.5013
12.6987,7,205.269,206.933,50.056,54.96,11.524,13.3787,0.65,0.682,-3.042,10.4533,63.5627,12.3887
12.5933,7,205.184,206.624,50.0747,54.9973,11.328,13.3627,0.65,0.687333,-3.042,10.3627,63.5547,12.2867
12.4707,7,204.736,207.776,50.1147,54.7093,11.524,13.3467,0.65,0.184,-3.12,10.2433,63.352,12.1647
12.346,5.66667,205.323,208.235,50.288,54.1973,11.524,13.6227,0.65,0.546667,-3.18533,10.1113,63.5227,12.0613
12.226,5,205.387,207.232,50.3147,54.3093,11.5073,14.0947,0.65,0.46,-3.12,10.0053,63.7573,11.9567
12.1113,5,204.853,207.648,50.2533,54.84,11.6053,13.428,0.65,1.08333,-3.18533,9.9,63.768,11.862
12.0313,5,205.707,207.264,50.44,54.3813,11.3613,13.1833,0.65,0.233333,-3.12,9.82,63.8853,11.74
11.9387,5,204.875,207.104,50.272,55.152,11.6053,13.948,0.65,0.406667,-3.042,9.72267,63.9227,11.6453
11.8413,5,205.067,208.139,50.3787,54.808,11.622,12.956,1.178,0.248667,-3.042,9.626,63.96,11.5453
11.7133,5,205.899,208.171,50.3467,55.0053,11.5073,14.0133,21.952,0.681333,-3.042,9.49333,64.064,11.42
11.5907,5,205.717,207.712,50.3627,55.392,11.4427,13.2653,325.707,0.614667,-3.02933,9.38667,64.0933,11.32
11.5253,5,205.696,208.16,50.424,55.048,11.6867,17.2207,611.2,0.524,2.746,9.30667,63.9813,11.2247
11.4367,5,206.197,208.277,50.312,54.96,18.6613,23.4853,611.712,0.48,26.6073,9.24267,64.0133,11.144
11.3867,5,206.048,208.085,50.5253,54.8053,21.148,23.4213,613.803,0.376667,72.96,9.22333,64.208,11.0893
11.352,5.33333,206.133,208.085,50.04,55.7973,21.3107,23.2427,615.445,0.324,118.917,9.27333,64.1813,11.076
11.3553,6,206.091,208.192,49.8773,55.8987,21.2467,23.5853,616.555,0.454,168.251,9.37667,63.8107,11.0787
11.39,6.13333,206.325,208.448,49.7867,55.816,21.1473,24.5587,617.408,0.910667,220.661,9.53,63.5387,11.1067
11.4333,7,206.965,208.064,49.6693,55.8907,21.23,36.1053,618.048,0.947333,273.152,9.74333,62.9573,11.1513
11.536,7,206.219,207.872,49.664,55.5867,21.4093,46.792,618.773,1.016,323.989,9.99467,62.4107,11.2247
11.6187,7.73333,206.485,207.136,49.6533,55.2133,29.8893,55.4453,619.2,1.33267,374.613,10.314,61.952,11.3453
11.784,8,206.272,206.709,49.5813,54.6853,33.3067,83.5307,619.712,1.71867,423.701,10.6873,61.488,11.5087
11.986,9.46667,206.485,206.784,49.464,54.1387,41.5787,103.397,620.096,2.08933,474.155,11.106,61.0347,11.7213
12.2573,10,207.232,208.277,49.3947,53.5867,44.16,113.264,620.48,2.37067,520.491,11.4973,60.6907,11.9413
12.492,10,207.851,208.384,49.352,53.2213,51.816,113.147,620.608,1.94467,564.267,11.9467,60.3893,12.1713
12.7267,11.0667,207.712,208.224,49.2453,53.024,51.7387,131.819,621.419,1.15733,601.408,12.466,60.2347,12.4453
12.9873,12,208.181,208.693,49.0293,52.7973,51.9973,143.019,621.845,1.25,639.915,12.974,59.9653,12.7287
13.272,12.4,208.245,208.587,48.88,52.5387,77.5627,142.763,623.125,1.41867,679.552,13.498,59.2053,13.046
13.5747,15,208.459,208.949,48.784,52.1733,81.7413,143.28,623.595,1.91933,712.661,14.0307,58.3707,13.37
13.9113,15,208.587,208.32,48.632,51.8347,81.904,142.256,623.509,1.794,740.48,14.542,57.4693,13.736
14.224,15,208.469,208.683,48.408,51.632,81.7627,142.928,623.68,1.30267,763.861,15.0487,56.3653,14.0913
14.556,15.3333,208.779,208.448,48.1413,51.4133,81.7253,142.779,623.979,0.979333,782.592,15.4927,55.6133,14.44
14.8713,16,208.757,208.853,47.9093,50.872,82.0027,142.848,624.235,0.817333,799.744,15.9693,54.824,14.7947
15.2013,16,209.365,208.843,47.944,51.2533,81.5627,143.2,623.467,1.96733,800.939,16.3547,55.0293,15.1373
15.4987,16,210.421,209.088,48.1013,51.4453,82.024,142.96,622.144,2.18067,817.493,16.5893,55.384,15.462
15.824,16.3333,211.541,210.08,48.096,51.3573,83.2107,142.448,621.76,2.36533,825.472,16.8667,55.2133,15.7833
16.1253,17,212.619,212.267,48.1547,51.5307,81.504,142.768,621.76,2.51733,828.544,17.124,55.24,16.054
16.514,17,227.52,276.853,47.7147,50.5013,81.6427,142.597,621.632,2.40533,825.045,17.686,53.2427,16.412
16.8833,17.1333,249.227,289.696,47.2613,50.2027,81.8427,139.301,621.248,2.20067,816,17.7473,53.5867,16.7027
17.1273,18,237.291,287.68,47.1547,50.4533,81.664,113.141,620.437,2.71867,802.859,17.9833,54.008,16.9967
17.3587,18,229.803,242.944,46.776,50.0107,81.6827,113.579,620.48,2.59133,785.195,18.2267,53.768,17.1533
17.532,18,222.763,223.232,47.016,50.4133,81.5013,113.248,620.139,2.60333,768.256,18.4747,52.768,17.3093
17.7387,17.4667,217.099,216.203,45.5147,49.192,81.424,107.067,619.84,2.44,749.141,18.7253,52.264,17.4413
17.9513,16.6667,214.539,213.045,45.472,49.9227,73.4027,83.264,619.499,3.05933,723.797,18.9593,51.6373,17.5967
18.118,16,214.336,211.584,46.3253,50.5467,51.8187,83.4453,619.2,2.91667,694.741,19.1147,51.4213,17.7107
18.2747,16,212.309,210.571,45.968,50.4107,51.3093,67.024,619.243,2.53867,658.731,19.3,50.68,17.8047
18.4247,16,212.139,209.952,45.272,50.1867,51.3387,53.184,619.115,2.43533,622.485,19.444,49.464,17.9047
18.5727,16,210.581,209.952,43.7413,49.6267,41.516,46.9733,618.987,2.28933,584.939,19.4587,48.3067,17.98
18.668,16,211.328,239.371,43.7093,49.7893,41.276,43.0373,618.603,2.82933,543.296,19.4053,46.856,18.0693
18.7747,16,214.4,270.347,43.2933,49.5413,35.9227,38.5467,618.219,2.80733,499.328,19.2973,45.912,18.1167
18.8367,16,216.096,234.997,41.7653,47.1067,27.2047,27.7627,617.92,2.324,453.205,19.144,45.1467,18.1433
18.8973,16,232.096,305.237,41.8013,47.8053,20.9853,23.44,617.877,2.88067,405.163,19.3073,41.2667,18.2793
18.924,16,241.344,332.981,43.632,47.912,21.1827,23.78,617.451,2.558,357.995,19.034,47.448,18.32
18.9353,16,239.307,286.517,46.3947,49.6,21.3447,22.4707,617.28,2.76933,305.856,18.6013,50.832,18.2767
18.9233,16,235.659,263.424,46.7653,49.7493,20.904,21.228,616.64,2.73533,257.728,18.2233,49.9627,18.2467
18.9033,15.2667,230.592,249.131,45.688,49.7867,21.2473,21.4893,616.512,2.358,205.984,17.8393,47.9307,18.208
18.83,15,224.704,236.992,45.4773,49.1253,21.066,21.8493,616,2.408,153.856,17.5413,50.6347,18.1467
18.782,15,222.581,230.059,46.584,49.344,20.986,22.4067,615.552,1.79133,62.112,17.38,52.9227,18.1033
18.7113,15,220,224.565,47.5733,50.3173,21.0193,21.3093,614.272,1.608,22.74,17.2087,54.8853,18.07
18.658,15,216.928,220.768,48.4133,50.672,15.8313,21.8667,613.803,1.11933,12.2233,17.0447,55.9013,18.0047
18.59,15,215.723,218.016,49.136,51.224,11.6053,17.3027,613.76,0.929333,1.92533,16.8767,56.8613,17.93
18.5233,14.6667,214.965,215.669,49.8427,51.8133,11.6867,13.5413,309.501,1.10333,-3.512,16.688,57.952,17.864
18.438,14,213.323,215.851,50.488,52.2213,11.622,13.98,14.0473,0.889333,-3.38133,16.4927,58.6133,17.7987
18.3633,14,213.419,215.125,51.1067,52.6827,11.524,13.7853,1.002,0.362,-3.44667,16.28,59.6907,17.7333
18.2787,14,214.059,214.432,51.5627,52.9947,11.866,13.428,0.65,0.228667,-3.44667,16.1027,60.1413,17.6333
18.19,14,213.333,214.443,51.8613,53.2107,11.28,13.2653,0.65,0.454,-3.57733,15.95,60.584,17.5767
18.1127,13.4667,213.323,214.432,52.0667,53.456,11.7033,12.8587,0.694,0.52,-3.64267,15.7533,61.2827,17.508
18.0147,13,213.728,214.4,52.1147,53.7013,11.524,12.8907,0.65,0.778667,-3.44667,15.58,61.0187,17.43
17.9193,13,213.611,215.147,51.76,53.7493,11.524,13.672,0.65,0.378667,-3.316,15.3973,59.744,17.3593
17.8267,13,214.496,217.312,51.5253,53.6533,11.6867,13.184,0.65,0.430667,-3.44667,15.2293,59.4507,17.24
17.7527,13,215.072,220.192,51.1467,53.5067,11.622,13.184,0.65,0.612,-3.512,15.0167,59.08,17.1727
17.65,12.8667,215.915,221.152,50.8373,53.3067,11.4427,12.1913,0.65,0.518,-3.316,14.8367,58.632,17.0833
17.54,12.2,215.36,220.608,50.4373,53.1227,11.7847,13.9633,0.65,0.122,-3.316,14.6527,58.0107,16.9953
17.4687,12,215.605,218.56,50.1707,52.9573,11.3447,14.192,0.65,0.148,-3.18533,14.4827,57.9173,16.916
17.3727,11.0667,215.787,218.219,49.8213,52.8053,11.7847,13.232,0.65,0.516667,-3.316,14.312,57.8587,16.8107
17.272,11,215.68,217.792,49.4373,52.688,11.6053,11.9473,0.65,0.866667,-3.38133,14.1233,57.688,16.7087
17.16,11,216.341,217.099,49.224,52.5093,11.6867,12.598,0.65,0.866667,-3.316,13.942,57.7973,16.61
17.0427,10.4667,216.907,217.451,49.296,52.3253,11.524,14.8413,0.65,0.368667,-3.25067,13.7627,58.6347,16.4973
16.9413,10,215.872,217.653,49.3867,52.3413,11.866,13.5907,0.65,0.170667,-3.38133,13.618,59.5467,16.3847
16.8607,9.86667,216.267,216.789,49.6693,52.3627,11.67,13.5907,0.65,0.142,-2.964,13.476,60.3253,16.2967
16.77,9,216.523,218.379,49.912,52.4373,11.866,13.7693,0.65,0.096,-3.18533,13.34,60.7547,16.1993
16.666,9,215.563,217.845,50.032,52.552,11.5407,13.428,0.65,0.248667,-3.25067,13.2133,61.3707,16.1033
16.556,9,215.552,216.981,50.112,52.6773,11.6053,13.688,0.65,0.275333,-3.316,13.0907,62.3227,16.0087
16.4493,9,215.477,217.461,49.9467,52.7467,11.4427,14.0453,0.65,0.287333,-3.18533,12.9607,62.72,15.9047
16.3387,9,215.499,217.664,49.8187,52.8133,11.6053,14.3213,0.65,0.334,-3.316,12.8107,63.0827,15.8173
16.2393,8.66667,215.125,216.331,50.048,52.8933,11.6867,14.76,0.65,0.08,-3.25067,12.69,62.6267,15.714
16.1327,8.2,215.157,215.957,49.8133,52.8587,11.622,15.2307,0.65,0.245333,-3.10733,12.5407,62.6187,15.6087
16.028,8,214.955,215.136,49.4587,52.816,11.6867,12.1913,0.65,0.419333,-3.12,12.3867,62.6853,15.5033
15.9193,8,213.941,213.323,49.3707,52.7573,11.6867,13.184,0.65,0.3,-3.18533,12.2447,62.352,15.4067
15.8133,8,213.387,214.347,49.704,52.7253,11.524,13.428,0.65,0.0546667,-3.18533,12.1133,62.0053,15.2833
15.7193,8,213.237,214.293,49.472,52.7307,11.6053,13.428,0.65,0.0933333,-3.18533,11.9807,61.96,15.1773
15.61,8,212.192,213.664,49.4373,52.688,11.6053,13.2653,0.65,0,-3.17267,11.8607,61.936,15.0713
15.5127,8,211.189,213.557,49.2853,52.6773,11.524,13.2653,0.65,0.104,-3.25067,11.718,61.904,14.9933
15.4147,7.66667,212.075,213.269,49.3333,52.68,11.524,13.8013,0.65,0.0493333,-3.10733,11.59,62.032,14.9233
15.318,7,210.827,212.107,49.2267,52.64,11.7033,12.8093,0.65,0,-3.18533,11.4713,62.0613,14.8233
15.218,7,210.112,211.808,49.2133,52.576,11.6053,13.428,0.65,0,-3.25067,11.3627,62.1653,14.7227
15.1233,7,210.528,212.405,49.3093,52.6373,11.6867,13.5093,0.65,0,-3.18533,11.2193,62.4693,14.6273
15.0247,7,210.571,212.288,49.3067,52.672,11.426,14.6627,0.65,0.0773333,-3.12,11.106,62.4773,14.5613
14.9093,7,210.165,211.051,49.0507,52.6507,11.524,12.874,0.65,0.273333,-3.12,11.016,62.7467,14.4613
14.8033,6.53333,210.741,210.624,48.5387,52.4773,11.7033,13.5093,0.65,0.474,-3.12,10.9633,63.3573,14.3693
14.7087,6,209.632,210.251,48.6507,52.432,11.6867,13.3467,0.65,0.632,-3.18533,10.886,63.272,14.2567
14.6333,6,209.504,210.08,49.0533,52.5013,11.6053,13.2973,0.65,0.118667,-3.10733,10.8067,62.8827,14.1593
14.5307,6,209.632,210.048,48.8347,52.512,11.622,13.2813,0.65,0.29,-2.964,10.6967,63.5653,14.0793
14.4327,6,208.96,210.677,48.864,52.5173,11.6053,13.7693,0.65,0.246667,-3.17267,10.6067,63.6187,13.9633
14.334,6,208.683,209.856,48.5147,52.456,11.5887,13.2487,0.65,0.585333,-3.042,10.5633,63.832,13.8867
14.2293,6,209.216,210.432,48.9707,52.528,11.622,13.688,1.75,0.246,-3.12,10.4827,63.896,13.778
14.154,6,208.661,210.389,49.1013,52.616,11.6053,13.086,38.8153,0.194,-3.12,10.4133,63.6347,13.6727
14.0913,6,208.533,210.176,49.0667,52.6373,11.622,13.46,415.125,0.072,-2.67733,10.348,63.9547,13.5933
14.0033,6,208.597,209.76,49.2187,52.6693,11.524,18.54,611.456,0.0726667,3.90333,10.2773,63.9333,13.5067
13.916,6.13333,209.045,209.152,48.5013,52.4693,19.946,23.584,612.309,0.659333,31.5687,10.238,64.6213,13.444
13.8427,7,208.555,210.592,49.456,52.6853,21.3907,23.8627,613.888,0.284667,73.056,10.216,64.3973,13.38
13.81,6.46667,208.853,210.464,49.4853,52.6347,21.0507,23.1613,615.637,0.0386667,122.208,10.254,64.1813,13.3187
13.7767,6,209.429,210.709,49.744,52.6213,20.9047,23.2253,616.853,0,183.92,10.354,63.848,13.304
13.77,6,209.547,210.816,49.8693,52.552,21.1653,26.9813,617.707,0.0833333,209.947,10.5533,63,13.31
13.7867,7.46667,209.707,210.805,49.9333,52.3893,21.1647,33.3573,618.091,0.036,259.776,10.786,61.9093,13.3093
13.8347,8,209.877,210.485,49.9493,52.2667,21.3107,44.5333,619.285,0,299.477,11.0813,61.1627,13.3473
13.8993,8.73333,209.973,210.485,49.8,51.9787,27.952,53.2667,620.352,0,365.461,11.4247,60.7573,13.4087
13.996,9.06667,210.08,211.477,49.7733,51.408,35.956,80.9253,621.504,0,444.267,11.8167,60.5893,13.5307
14.118,9.86667,211.68,211.445,49.6667,50.92,27.77,67.2667,621.205,0.0646667,339.275,12.2353,60.5333,13.6907
14.218,12.2,211.701,211.595,49.6747,50.7467,31.6453,79.1067,620.267,0.036,377.483,12.5967,60.6027,13.7927
14.3913,13,211.829,212.245,49.2453,50.48,51.736,113.349,622.101,0.0413333,571.392,12.9733,60.688,13.9793
14.62,13,211.968,212.405,48.7387,50.1333,51.56,134.928,622.869,0.395333,598.677,13.422,60.9813,14.2473
14.8507,13,212.608,212.128,48.184,49.8987,51.8987,142.843,623.04,0.461333,635.883,13.9173,60.7813,14.5053
15.126,14.0667,212.245,211.723,47.8213,49.816,59.8187,142.784,623.168,0.948667,664.661,14.436,60.792,14.7853
15.4033,15,212.395,211.787,47.88,49.9147,78.6853,140.672,623.168,0.822667,693.077,14.96,60.5093,15.078
15.7153,15,214.347,214.208,47.8827,49.9707,81.664,140.805,623.552,1.13067,724.949,15.4513,59.712,15.416
16,15.9333,217.237,217.675,47.96,50.0213,81.9227,140.432,622.827,1.61533,746.624,15.8667,58.9787,15.7553
16.2833,16,217.611,219.072,47.68,50.056,81.824,140.619,622.272,1.43133,755.584,16.2513,58.512,16.056
16.5633,16,218.933,218.336,47.6693,50.1467,81.8213,142.256,622.4,2.05133,791.637,16.6393,58.24,16.352
16.8567,16,219.723,218.059,47.6853,50.152,81.4027,142.784,622.528,1.76333,809.685,17.006,57.7467,16.6627
17.114,16,220.469,217.045,47.76,50.2293,84.2493,134.715,621.973,2.354,792.256,17.328,57.2613,16.9353
17.388,16,221.28,216.331,47.8827,50.2773,89.1147,134.928,621.205,1.97133,781.845,17.6527,56.9227,17.2307
17.6527,16,221.333,216.832,47.8933,50.2667,85.168,142.864,621.803,2.17467,825.6,18.0187,56.624,17.4973
17.9053,16,221.472,216.768,47.9653,50.392,81.264,142.699,621.547,2.56867,821.717,18.398,56.5307,17.746
18.1547,16.7333,220.907,216.544,48.0907,50.4187,81.4827,116.907,620.565,2.64333,783.317,18.768,56.5893,17.994
18.3787,17.7333,221.472,214.656,48.2693,50.7227,65.432,107.248,620.053,2.81,683.136,19.0667,57.088,18.1853
18.576,17.6667,221.397,214.507,48.5173,50.968,70.7307,107.067,619.84,2.17667,709.739,19.186,57.2533,18.3693
18.7733,17,220.683,214.539,48.6827,51.1707,75.4027,111.333,619.925,2.86467,767.125,19.378,57.4533,18.554
18.9967,17,220.576,213.589,48.816,51.3973,77.0987,110.368,619.84,2.70067,757.547,19.642,57.208,18.7393
19.178,17,220.501,213.376,49.0773,51.5947,51.9387,78.96,619.413,2.53467,600.469,19.938,56.7973,18.8747
19.3607,17,219.648,213.493,49.4453,51.8373,59.0693,87.1253,619.2,2.76267,697.301,20.0167,56.6693,18.9827
19.544,16.6667,219.413,212.373,49.752,51.9973,50.5387,83.376,619.2,2.27467,632.64,20.154,57.08,19.1233
19.7073,16,218.944,212.107,50.0293,52.1307,50.376,79.272,619.2,2.584,630.016,20.3333,56.936,19.2533
19.87,16,219.445,211.221,50.3067,52.3333,43.8,52.0427,619.115,2.64067,579.605,20.3873,56.848,19.3327
19.9947,16,217.664,210.528,50.8213,52.6267,36.1213,42.34,618.432,2.35333,478.784,20.3113,57.0827,19.376
20.0873,16,216.299,209.44,51.08,52.888,30.2933,33.6347,618.219,2.72733,417.461,20.186,57.4373,19.42
20.1553,16,214.581,208.8,51.3653,53.1253,22.3213,28.7867,617.536,2.346,362.048,19.9567,58.104,19.44
20.2033,16,213.12,209.504,51.512,53.3227,22.824,27.3693,617.408,1.86933,325.781,19.7467,58.8267,19.492
20.2367,16,211.701,209.056,51.7867,53.5573,21.0033,23.2227,616.768,1.986,206.539,19.4633,59.6,19.5
20.24,15.8667,210.293,209.6,52.1493,53.8,20.9027,29.5507,616.683,1.91133,281.12,19.2573,60.568,19.504
20.2367,15.0667,210.475,209.12,52.5387,54.0187,20.742,23.44,616.64,1.93067,193.579,19.042,61.3573,19.4733
20.21,15,210.677,209.568,52.9013,54.296,20.742,23.44,615.872,1.77867,91.9733,18.8587,61.6987,19.48
20.1587,15,209.803,208.96,53.168,54.5707,20.6593,22.668,614.912,1.52933,52.8693,18.62,62.8427,19.4367
20.1027,15,209.696,209.536,53.7013,54.84,21.0027,23.8627,614.4,1.46733,44.312,18.3827,64.3387,19.3933
20.0467,15,208.885,209.664,54.3147,55.2853,19.6207,23.144,614.4,1.49333,27.9493,18.166,65.4107,19.314
19.964,14.2667,208.885,209.472,54.6267,55.56,11.4427,19.5807,613.973,0.939333,11.7927,17.98,65.8347,19.2833
19.89,14,209.792,209.536,54.832,55.92,11.6867,13.3627,480.651,0.891333,-0.416,17.8167,66.2533,19.1993
19.8253,14,209.504,209.6,54.92,56.296,11.6053,13.3627,87.0187,0.688,-3.64267,17.6247,65.9333,19.144
19.734,14,209.109,210.123,54.984,56.4773,11.5073,13.444,6.97933,0.575333,-3.512,17.3913,65.5493,19.08
19.656,14,209.739,210.507,55.0453,56.2587,11.6867,13.184,1.09,0.562667,-3.64267,17.2113,65.9093,18.9687
19.5793,14,210.283,210.592,55.1947,56.3707,11.7847,12.744,0.782,0.300667,-3.64267,17.018,66.704,18.926
19.5,14,210.357,211.2,55.3173,56.416,11.524,13.8173,0.694,0.0386667,-3.512,16.8673,67.36,18.854
19.4047,14,210.4,210.475,55.4827,56.4187,11.6053,13.2653,0.65,0.391333,-3.64267,16.7107,68.2693,18.76
19.3147,13.2667,210.101,211.648,55.568,56.4507,11.524,13.688,0.65,0.262,-3.708,16.5567,68.7227,18.7267
19.248,13,210.72,212.181,55.6693,56.6,11.524,14.208,0.65,0.374667,-3.708,16.3973,68.9413,18.648
19.148,13,210.656,212.341,55.7893,56.6613,11.7033,14.5,0.65,0.308667,-3.708,16.242,69.264,18.57
19.06,13,210.997,212.096,55.8213,56.656,11.6867,13.3467,0.65,0.0573333,-3.25067,16.108,69.4853,18.4767
18.9693,13,211.435,213.056,55.832,56.704,11.6053,13.5907,0.694,0.181333,-3.57733,16,69.7573,18.3827
18.8967,13,211.371,212.939,55.8,56.808,11.622,13.3467,0.65,0.298,-3.64267,15.8847,70.3253,18.348
18.8167,13,210.944,211.989,55.44,56.6667,11.622,13.3467,0.65,0.412667,-3.512,15.7813,70.632,18.2567
18.7327,13,211.061,212.416,55.0693,56.648,11.6053,13.2653,0.65,0.264,-3.44667,15.6747,70.592,18.1887
18.6413,13,211.509,213.931,54.9947,56.6587,11.6053,13.0213,0.65,0.344667,-3.44667,15.5433,70.5147,18.11
18.566,13,211.84,214.08,54.32,56.5493,11.4427,13.5093,0.65,0.451333,-3.38133,15.4007,70.288,18.0047
18.4787,13,211.328,214.005,54.704,56.7413,11.866,13.184,0.65,0.207333,-3.25067,15.2513,69.1333,17.9233
18.3727,12.2667,211.488,214.389,54.168,56.6053,11.6867,13.8827,0.65,0.388,-3.25067,15.07,68.864,17.8273
18.2853,12,212.757,215.211,53.8267,56.5227,11.426,13.428,0.65,0.576667,-3.316,14.9207,69.2747,17.7433
18.1933,12,212.277,215.083,53.5173,56.5467,11.7033,13.2653,0.65,0.272,-3.36867,14.7887,69.1253,17.6387
18.1013,11.4667,212.608,216,53.5787,56.616,11.6053,13.1673,0.65,0,-3.44667,14.6607,68.592,17.57
17.99,11,213.323,216.32,53.7227,56.6907,11.5073,12.858,0.65,0.0493333,-3.38133,14.4713,68.296,17.488
17.894,10.4667,213.931,216.704,53.4507,56.6053,11.524,14.792,0.65,0,-3.18533,14.3293,68.7893,17.42
17.8093,10,213.44,216.107,53.0187,56.416,11.622,13.5093,0.65,0,-3.38133,14.2067,69.5627,17.3153
17.7213,10,214.571,216.277,53.0133,56.384,11.768,13.2653,0.65,0.0646667,-3.316,14.108,69.664,17.2467
17.636,10,214.795,217.92,52.9333,56.3653,11.6053,12.8087,0.65,0,-3.316,13.9953,69.824,17.1547
17.5547,10,214.101,217.813,52.872,56.424,11.6053,13.3467,0.65,0,-3.238,13.8813,69.9307,17.064
17.474,10,214.368,217.365,52.632,56.44,11.8013,13.5907,0.65,0,-3.25067,13.7087,70.0693,16.9433
17.38,10,214.923,218.709,52.4133,56.4587,11.6053,13.672,0.65,0,-3.38133,13.5353,69.8533,16.88
17.2993,9.33333,215.488,219.861,52.4293,56.464,11.6867,13.428,0.65,0,-3.25067,13.3427,69.9973,16.7827
17.182,9,215.541,219.051,52.576,56.5147,11.6053,13.5093,0.65,0.0773333,-3.25067,13.2053,70.0827,16.6893
17.0873,9,216.459,217.067,52.152,56.336,11.524,13.5093,0.65,0.106,-3.25067,13.07,69.896,16.59
16.98,8.6,216,216.48,51.5333,56.1093,11.7847,13.428,0.65,0.434,-3.25067,12.952,69.44,16.5193
16.8893,8,214.827,214.752,51.5147,56.0453,11.7847,12.4347,0.65,0.423333,-3.316,12.836,69.2293,16.4067
16.8133,8.33333,214.784,213.248,50.9173,55.9413,11.6053,14.8573,0.65,0.950667,-3.12,12.712,69.4027,16.2967
16.704,9,213.376,213.856,51.5573,56.0267,11.524,12.712,0.65,0.346667,-3.38133,12.584,69.1707,16.1927
16.5987,8.86667,211.968,213.653,51.688,56.152,11.6053,12.012,0.65,0.388667,-3.25067,12.4647,68.7733,16.0833
16.5,8,211.552,212.917,51.4427,56.0533,11.866,13.428,0.65,0,-3.18533,12.34,68.7867,15.9947
16.3947,8,211.893,212.427,51.4773,56.0427,11.7033,13.8347,0.65,0,-3.12,12.1733,68.992,15.9007
16.292,8,211.403,212.885,51.2053,55.9733,11.5887,13.428,0.65,0.0773333,-3.25067,12.0573,69.2667,15.78
16.1953,8,211.04,212.917,50.9387,55.8773,11.7847,13.3467,0.65,0.268667,-3.12,11.97,69.6133,15.724
16.1013,8,211.467,212.576,50.8347,55.8427,11.524,13.8667,0.65,0.256,-3.18533,11.8767,69.6853,15.616
16.0067,8,210.827,211.904,50.8507,55.8107,11.524,13.1507,0.65,0.242667,-3.18533,11.76,69.5467,15.5187
15.8973,8,210.101,210.997,50.7333,55.7493,11.7033,13.672,0.65,0.668,-3.12,11.6507,68.592,15.41
15.7893,7.6,210.347,210.752,50.8667,55.7653,11.5073,13.5093,1.838,0.188,-3.12,11.524,68.1893,15.2733
15.698,7,210.091,210.464,50.784,55.7093,11.6053,14.192,45.9287,0.657333,-3.18533,11.4447,68.5173,15.196
15.5993,7,208.96,209.835,50.7227,55.6827,11.622,14.516,418.277,0.278,-2.45667,11.3547,68.5893,15.09
15.5013,7,209.067,210.827,50.992,55.68,11.6053,19.448,611.84,0.0493333,6.324,11.27,68.3653,14.9807
15.4193,7,209.472,210.187,51.016,55.6693,20.1407,23.568,612.309,0,31.1633,11.19,68.2853,14.9067
15.3373,7,208.309,209.696,50.9627,55.576,20.9213,23.144,613.717,0,70.8187,11.1233,68.44,14.8393
15.292,7,208.245,210.283,50.9173,55.4853,21.264,23.5667,615.509,0.119333,113.205,11.1167,68.5013,14.7933
15.244,7,208.416,209.824,51.0107,55.3787,21.1647,23.44,616.512,0,158.779,11.1833,68.2987,14.7467
15.232,7,207.552,209.6,51.0107,55.2453,20.742,24.0227,617.664,0,206.155,11.3327,68.0907,14.7367
15.2127,7,207.925,209.472,51.168,55.088,21.02,34.64,618.603,0,253.184,11.5187,67.0907,14.6927
15.2413,7,208.224,209.696,51.2987,54.9093,21.1467,46.976,619.712,0.106,319.008,11.764,65.824,14.73
15.2893,7.8,208.405,209.856,51.4693,54.632,27.4147,52.728,620.011,0.0933333,346.56,12.1273,65.0747,14.76
15.3527,9,208.992,210.272,51.4853,54.28,34.8173,76.8427,620.437,0.393333,422.72,12.5267,64.9493,14.8427
15.4493,10,208.352,209.824,51.2533,53.888,41.3373,103.547,621.547,0.181333,488.277,12.9487,64.904,14.992
15.6053,11.0667,209.408,209.792,51.2373,53.5627,44.7627,111.435,622.229,0.166,521.024,13.4147,64.8053,15.136
15.7587,12,208.8,209.728,50.816,53.288,46.3267,111.173,621.845,0.427333,507.307,13.8907,64.4987,15.3187
15.9647,12.3333,209.397,209.824,50.6373,53.04,51.4747,122.651,622.485,0.503333,594.965,14.312,64.0773,15.552
16.2033,13,209.451,210.315,50.2507,52.744,51.9147,140.341,622.827,0.891333,636.203,14.7493,63.6613,15.7987
16.4353,13.6667,209.675,210.464,50.0053,52.552,61.92,128.864,622.571,1.26267,645.717,15.17,63.144,16.0407
16.706,15,210.229,210.155,49.8453,52.456,81.4827,142.496,623.552,1.196,727.211,15.568,62.6907,16.316
16.9727,15,210.848,210.379,49.6693,52.3413,81.7413,140.864,623.979,0.696667,732.459,16.002,62.1147,16.604
17.2413,15,210.709,210.528,49.6373,52.2587,75.4187,135.888,623.509,0.845333,733.12,16.3973,61.8907,16.894
17.5047,15,211.211,210.997,49.608,52.2053,81.424,140.72,623.723,1.25,800.768,16.828,61.464,17.196
17.7833,15.8667,211.136,210.571,49.5813,52.1893,81.6027,134.267,623.467,1.54467,775.851,17.2213,60.936,17.4973
18.0467,16,211.584,210.624,49.5813,52.168,76.9413,122.907,622.571,1.35667,708.267,17.6093,60.2933,17.7807
18.3133,16,212.352,210.763,49.6427,52.152,107.141,142.443,622.997,1.59467,839.936,17.9693,59.408,18.0593
18.5573,16,212.619,210.72,49.712,52.072,70.7413,95.1693,621.931,1.882,619.68,18.2487,58.6533,18.3313
18.6807,16,212.32,210.517,50.072,52.408,31.056,44.2693,618.603,2.066,358.08,18.3767,57.5333,18.4533
18.8127,16.3333,212.523,209.888,50.3493,52.728,27.33,45.9453,617.877,1.736,353.856,18.3233,56.6507,18.5307
18.9693,17.7333,211.691,209.92,50.3467,52.5893,64.9547,99.4,619.413,1.42333,692.779,18.3733,57.552,18.714
19.1667,17.6667,211.883,209.472,50.256,52.3707,58.08,102.619,619.84,1.80533,671.253,18.658,55.704,18.8793
19.3287,17,211.989,208.907,50.4347,52.5227,61.328,102.779,619.883,2.33867,684.288,18.8773,53.8,19.026
19.5153,17,211.371,208.917,50.2027,52.2027,65.0493,84.68,620.267,2.39067,654.72,19.1333,53.5253,19.2033
19.5987,17,211.211,208.928,49.8533,51.9387,20.644,26.4627,617.664,2.23533,248.715,19.194,49.832,19.2467
19.6427,17,209.696,209.184,48.7093,51.8907,20.8233,32.8493,617.195,1.77867,273.909,18.934,49.8827,19.2533
19.7127,17,209.184,208.896,48.2533,51.8747,20.6607,33.5493,617.28,1.346,274.357,18.784,50.6453,19.2967
19.7647,17,208.917,208.352,48.3387,51.7387,21.002,35.4547,617.28,1.13267,272.533,18.6533,50.5093,19.356
19.81,17,208.416,208.128,48.0293,51.432,23.6233,42.9733,617.536,0.884,333.397,18.574,50.816,19.3833
19.8667,17,208.245,208.395,47.832,51.376,34.0027,52.1013,618.304,0.744,443.061,18.5953,51.408,19.43
19.9587,17,208.341,208.96,47.7733,51.4347,29.0547,47.9027,618.517,1.20733,389.963,18.7773,51.9307,19.504
19.9893,17,208.235,208.64,47.808,51.552,20.742,25.34,617.408,0.912667,181.845,18.8633,52.096,19.536
20.0233,17,207.808,208.48,47.5787,51.3413,20.9207,24.5613,616.64,0.882,188.981,18.7627,51.88,19.484
20.03,16.8667,207.104,208.619,47.5147,51.1653,20.6427,23.44,616.64,0.484667,176.651,18.6293,51.8587,19.5193
20.0333,16,207.008,208.331,47.6133,50.9813,20.824,23.6013,616.64,0.401333,164.555,18.53,52.1253,19.5313
20.0267,16,206.507,208.043,47.704,50.984,20.8393,23.2427,616.213,0.243333,134.128,18.4587,52.3253,19.54
20.0127,16,206.165,207.893,47.8,50.8053,20.8227,22.848,616,0.49,109.387,18.352,52.792,19.528
19.982,16,206.219,207.488,48.0347,50.7093,20.922,23.44,615.616,0.150667,81.336,18.2573,52.7733,19.464
19.95,16,205.792,207.307,48.0507,50.7253,20.8233,23.44,615.36,0.044,61.7973,18.1253,52.5307,19.43
19.9,16,206.304,207.125,48.2667,50.768,20.8053,23.452,614.976,0,42.216,17.984,53.4747,19.4133
19.8493,16,205.877,207.659,48.5733,50.744,19.7013,23.44,614.4,0,25.67,17.846,53.832,19.364
19.8067,15.5333,206.357,207.488,48.8907,50.7973,11.524,23.0627,614.4,0.036,11.6633,17.7133,55.4053,19.3133
19.7433,15,206.549,207.563,49.3947,51.1173,11.5073,13.3627,557.44,0,0.260667,17.5607,56.936,19.2633
19.6873,15,206.741,207.947,49.7867,51.536,11.524,13.3627,145.251,0,-3.38133,17.4433,57.8187,19.17
19.6127,15,207.435,208.256,50.096,51.968,11.426,13.2653,9.30533,0,-3.512,17.2827,58.2,19.1033
19.5433,14.4667,207.541,208.853,50.3893,52.2533,11.6053,12.9233,1.09,0,-3.708,17.1333,59,19.04
19.486,14,207.84,209.152,50.7973,52.56,11.524,12.3707,0.65,0.036,-3.316,16.9807,60.1867,18.97
19.408,14,207.68,209.792,51.112,52.84,11.6053,13.704,0.65,0,-3.57733,16.842,60.76,18.8987
19.336,14,207.776,209.28,51.3787,53.072,11.7033,13.184,0.65,0,-3.64267,16.7133,61.1093,18.8133
19.2667,14,208.96,210.453,51.6773,53.224,11.6053,13.5093,0.65,0,-3.512,16.578,61.6187,18.7533
19.1933,14,209.813,212.181,51.9147,53.3867,11.524,13.3467,0.65,0,-3.57733,16.4253,62.2533,18.664
19.11,14,210.219,213.056,52.064,53.496,11.524,13.184,0.65,0.0906667,-3.38133,16.238,62.4747,18.5733
19.0367,13.2667,210.656,214.773,52.0053,53.6133,11.7847,13.184,0.65,0.0826667,-3.38133,16.1093,62.264,18.5353
18.9547,13,212.544,216.576,52.008,53.6507,11.6867,12.94,0.65,0.160667,-3.64267,15.972,62.112,18.45
18.88,13,213.525,218.208,51.9333,53.6507,11.6053,13.5573,0.65,0,-3.57733,15.822,61.984,18.3627
18.8,11.9333,213.44,218.56,51.872,53.6373,11.524,13.184,0.65,0.052,-3.25067,15.6853,62.1013,18.27
18.7047,11,214.315,219.552,51.7147,53.6133,11.7847,13.1027,0.65,0.444,-3.18533,15.5353,62.272,18.1533
18.6213,11,215.317,220.395,51.656,53.5893,11.524,12.8567,0.65,0.389333,-3.64267,15.39,62.432,18.0933
18.5413,11,215.925,219.211,51.6613,53.6027,11.524,13.8667,0.65,0,-3.25067,15.248,61.9627,17.9987
18.4453,11,215.936,218.976,51.5333,53.6,11.622,13.3467,0.65,0,-3.44667,15.0767,61.408,17.8673
18.3533,11,216.117,219.2,51.3653,53.504,11.7847,12.8587,0.65,0,-3.316,14.874,61.112,17.8187
18.26,11,215.925,218.517,51.3013,53.456,11.6867,13.622,0.65,0,-3.25067,14.7447,61.176,17.74
18.1667,11,215.253,217.568,51.1573,53.4053,11.622,14.4347,0.65,0.305333,-3.44667,14.6433,62.1787,17.65
18.0813,10.9333,215.243,219.616,51.1973,53.4107,11.5073,13.444,0.65,0,-3.57733,14.5327,62.0667,17.5593
17.9833,10.2,216.149,220.875,51.1173,53.4293,11.7847,13.428,0.65,0,-3.18533,14.3327,62.5813,17.4673
17.882,9.46667,216.277,222.475,51.1467,53.4453,11.524,13.5907,0.65,0,-3.25067,14.0913,63.152,17.356
17.7847,9,218.016,222.656,51.1387,53.4373,11.4427,13.428,0.65,0,-3.38133,13.9453,63.216,17.2833
17.6907,9,219.765,222.795,51.1653,53.4427,11.622,13.2653,0.65,0,-3.316,13.7813,62.856,17.196
17.5887,9,219.467,221.216,51.008,53.4427,11.6867,13.5093,0.65,0.0386667,-3.25067,13.6193,62.72,17.11
17.4927,9,218.859,219.093,50.8907,53.3813,11.6867,13.8347,0.65,0,-3.38133,13.47,62.656,17.0107
17.4033,9,217.376,218.283,50.7627,53.3067,11.7033,14.1267,0.65,0.181333,-3.25067,13.3513,62.624,16.908
17.32,9,215.328,217.387,50.68,53.28,11.524,13.932,0.65,0.078,-3.25067,13.2233,62.6347,16.808
17.1993,9,214.645,216.619,50.5653,53.2267,11.6867,13.428,0.65,0.119333,-3.18533,13.056,62.68,16.7087
17.0913,9,214.144,215.232,50.5093,53.2293,11.6053,13.5907,0.65,0.0773333,-3.316,12.91,63.104,16.59
16.99,9,213.173,214.677,50.504,53.1627,11.524,13.932,0.65,0.0493333,-3.25067,12.806,62.888,16.4827
16.9007,8.86667,212.139,212.832,50.4347,53.1627,11.7033,13.8987,0.65,0.036,-3.12,12.6933,62.8853,16.378
16.816,8.2,212.405,211.883,50.3867,53.152,11.524,13.5093,0.65,0.204667,-3.12,12.586,63.1547,16.2733
16.7227,8,210.741,212.288,50.3707,53.1547,11.768,13.2653,0.694,0,-3.25067,12.4353,63.0667,16.16
16.6067,8,209.984,211.925,50.3147,53.16,11.622,14.5,0.65,0.0573333,-3.12,12.3167,63.3467,16.0867
16.4973,8,209.504,210.741,50.28,53.16,11.5073,13.1347,0.65,0.0386667,-3.18533,12.2313,63.5093,15.9807
16.402,8,209.568,210.805,50.2693,53.152,11.768,13.428,0.65,0.253333,-3.18533,12.1133,63.624,15.88
16.2947,7.8,209.173,210.485,50.328,53.16,11.7847,13.7533,0.65,0,-3.18533,12.0053,63.5493,15.758
16.2027,7.06667,208.523,210.325,50.2987,53.16,11.6053,13.5907,0.65,0.036,-3.18533,11.8887,63.6267,15.672
16.112,7,208.704,209.6,50.2827,53.16,11.7033,12.7113,0.65,0.052,-3.18533,11.7887,63.688,15.596
16.0067,7,208.171,209.728,50.216,53.144,11.7847,13.2653,0.65,0.134667,-3.10733,11.6793,63.9467,15.5013
15.8973,7,207.168,208.832,50.1413,53.1227,11.6053,13.5093,0.65,0.592667,-3.18533,11.63,64.024,15.3713
15.8033,7,207.765,209.333,50.1653,53.1253,11.524,13.2,0.694,0.412,-3.12,11.5527,63.944,15.2873
15.698,7,206.997,208.981,50.1253,53.12,11.524,13.5907,3.11267,0.0853333,-3.25067,11.454,63.9333,15.1633
15.6133,7,206.432,208.533,50.168,53.1147,11.768,13.5253,92.1167,0.165333,-3.316,11.3867,63.8213,15.0867
15.5087,7.53333,206.528,209.344,50.168,53.0667,11.7033,13.3467,543.595,0.036,-1.65133,11.286,63.568,14.9633
15.426,8,206.741,209.12,50.1467,53.0293,12.808,21.828,611.797,0.0386667,9.384,11.202,63.6693,14.8993
15.348,7.66667,206.229,209.472,50.1093,52.9947,21.0833,23.1253,612.523,0.08,37.1927,11.1133,63.8347,14.8373
15.2873,7,206.208,208.651,50.144,52.9333,21.0667,23.44,614.016,0.088,77.5707,11.07,63.8347,14.7467
15.2293,7,206.197,208.672,50.1013,52.856,21.0833,24.0253,615.744,0,122.96,11.1133,63.6747,14.7267
15.182,7,206.475,209.003,50.04,52.7387,21.2467,23.144,617.067,0,173.067,11.23,63.6267,14.674
15.1767,7,206.325,209.056,50.04,52.64,21.23,26.8667,618.261,0.0646667,224.309,11.41,62.768,14.638
15.182,7.93333,205.888,209.184,50.0693,52.4667,21.67,36.5267,619.456,0.0413333,276,11.6513,61.632,14.6133
15.2107,8.26667,206.443,208.235,50.0667,52.2853,21.1473,46.8667,620.48,0,326.752,11.9873,60.8853,14.654
15.2813,9.86667,206.635,208.331,50.0693,52.0373,30.5253,57.5253,621.163,0,376.96,12.3907,60.6107,14.7247
15.3487,10,207.371,208.8,50,51.6907,32.5907,83.2,621.76,0,425.856,12.8353,60.816,14.8347
15.4633,10.6667,206.923,208.373,49.9253,51.36,41.3547,99.3013,622.272,0.129333,473.173,13.328,60.832,14.982
15.624,12.3333,207.584,208.683,49.7413,51.04,43.324,112.827,622.613,0.296667,516.395,13.8167,60.9093,15.1567
15.8173,13,207.36,208.597,49.4827,50.7787,52.176,113.243,622.869,0.384,559.125,14.322,61,15.376
16.0367,13.6,207.712,209.088,49.1653,50.488,51.5733,119.339,623.083,0.414667,598.571,14.8433,60.632,15.6053
16.2913,14,208.053,209.045,48.9147,50.2747,51.9973,142.528,623.211,0.516667,639.04,15.344,60.4027,15.878
16.5513,14,208.16,209.44,48.7893,50.1387,68.2773,142.363,623.211,0.706,672.341,15.8113,59.872,16.1647
16.822,15.8667,208.597,209.696,48.656,50.064,81.504,142.608,624.32,0.514,706.219,16.28,59.4107,16.4693
17.0853,16.5333,209.173,209.92,48.5333,49.984,81.4827,142.283,624.491,0.786667,735.275,16.7313,58.8587,16.7853
17.4007,17,209.248,209.792,48.448,49.904,81.0213,143.04,624.277,0.918667,759.765,17.2267,58.272,17.0887
17.6733,17,209.611,209.952,48.448,49.8747,81.6027,142.171,624.192,1.068,781.44,17.7033,57.912,17.4153
17.954,17,210.027,209.76,48.496,49.7973,81.5013,142.528,623.68,1.62467,801.835,18.1967,57.3227,17.7593
18.2433,17,210.827,210.507,48.7147,49.8747,81.5627,142.64,623.595,1.64,817.365,18.6027,56.432,18.0533
18.5493,17.3333,211.179,209.856,48.8347,49.8613,81.424,142.629,622.955,1.946,829.568,18.934,55.6507,18.4087
18.8327,18,211.499,210.389,48.8987,49.9413,81.1813,142.4,622.784,2.194,838.485,19.2733,55.008,18.678
19.0933,18,212,210.304,49.0853,49.9547,81.1813,142.347,622.699,2.24467,842.325,19.59,54.3813,18.98
19.368,18.3333,211.819,209.824,49.16,49.904,81.424,142.48,622.059,2.26867,837.632,19.9193,53.1067,19.2273
19.6267,19,212.341,209.696,49.2853,49.896,81.0027,133.099,621.632,2.08733,833.28,20.218,52.5387,19.4727
19.8727,19,212.608,209.632,49.4053,49.8667,81.1813,112.112,621.717,1.79867,823.509,20.5507,52.0027,19.6933
20.1013,19,212.704,210.144,49.4587,49.7867,80.8613,113.584,621.632,2.336,810.283,20.92,51.6213,19.9093
20.3473,19,212.107,209.568,49.568,49.7333,80.8427,112.389,621.12,2.27333,792.363,21.2613,51.0587,20.0947
20.572,19,212.245,209.6,49.6933,49.7227,80.9227,111.275,620.779,2.32533,768.213,21.5413,50.24,20.262
20.7627,19,212.576,209.216,49.9653,49.856,77.4373,82.144,620.48,2.34667,743.509,21.7827,49.904,20.4447
20.968,20,211.616,209.312,49.992,49.7947,51.24,82.784,620.181,2.274,713.856,22.0053,49.3733,20.5707
21.1613,20,211.883,209.248,50.056,49.7733,50.9787,71.12,619.84,2.17067,683.733,22.1587,48.2373,20.66
21.344,19.2667,211.413,209.12,49.4053,49.816,51.1573,53.12,619.84,2.24467,646.613,22.232,47.424,20.788
21.5,19,211.072,209.056,48.4827,49.9787,44.4973,46.912,619.712,2.112,607.381,22.2053,46.9947,20.8453
21.6333,19,209.877,208.277,47.1653,49.984,41.4173,42.26,619.2,2.29733,564.971,22.212,47.9253,20.912
21.7333,18.8667,210.059,208.736,46.8027,50.0773,37.8267,32.3787,618.859,1.96067,519.424,22.1333,47.5307,20.9813
21.812,18,208.821,208.768,46.3733,50.1893,31.0453,26.4293,618.603,2.25,472.363,21.896,46.9653,21.024
21.864,18,207.787,208.693,46.0587,50.1947,22.8413,23.5213,618.176,2.38,423.467,21.5947,46.8293,21.036
21.872,18,207.403,208.768,45.7013,50.2,20.742,23.3413,617.92,1.852,373.056,21.22,47.2053,21.052
21.872,18,206.411,208.587,45.5547,49.9413,20.8393,22.848,617.877,1.622,320.821,20.896,47.5227,21.06
21.8547,18,205.76,208.352,45.424,49.632,20.562,23.3413,617.579,1.82067,269.152,20.5813,47.6453,21.028
21.796,18,206.539,208.416,45.3867,49.1467,20.8227,22.9813,617.237,1.86333,217.291,20.2467,48.2347,20.9867
21.724,18,206.923,207.883,45.4907,48.9973,20.562,22.9007,616.725,1.534,165.051,19.9193,48.7147,20.9627
21.656,18,206.859,208.565,45.5653,48.6507,20.84,23.2067,616.384,1.13267,84.96,19.6307,49.24,20.908
21.5733,17.6667,206.528,208.736,45.792,48.5973,20.742,22.3427,615.211,0.836667,25.2387,19.3953,49.68,20.8373
21.4787,17,206.187,208.832,45.7333,48.696,17.7013,23.2253,614.4,1.054,14.788,19.1293,49.832,20.768
21.4053,17,207.104,208.213,46.112,48.6747,11.2467,18.68,614.016,0.216,1.288,18.8733,51.6507,20.7093
21.3,16.6667,206.837,208.864,46.7387,49.1653,11.6867,13.1027,304.939,0.316,-3.96933,18.6447,53.7253,20.616
21.1987,16.5333,206.517,209.184,47.1547,49.656,11.4427,13.198,25.1567,0.867333,-3.96933,18.3707,54.84,20.5533
21.1027,16.3333,207.979,209.408,47.6293,49.9493,11.3447,13.0213,1.442,0.290667,-3.77333,18.1453,56,20.4267
21.0027,15,208.309,209.931,48.0453,50.2,11.426,12.3373,0.65,0.240667,-3.708,17.914,57.2213,20.352
20.896,15,207.84,210.507,48.432,50.464,11.4093,13.948,0.65,0,-3.512,17.7,58.1867,20.2667
20.8093,15,208.992,210.848,48.8613,50.752,11.524,13.1027,0.65,0,-3.64267,17.4927,59.0987,20.1387
20.7107,15,209.28,211.189,49.1733,51.0133,11.5887,12.6793,0.65,0,-3.512,17.2827,59.5707,20.064
20.612,14.0667,209.803,211.925,49.464,51.232,11.524,13.4433,0.65,0,-3.512,17.1027,59.8213,19.97
20.5147,14,210.944,211.691,49.6667,51.3893,11.6867,13.184,0.65,0,-3.512,16.8927,60.5067,19.8553
20.4233,14,210.517,212.149,49.8107,51.5253,11.524,12.1913,0.65,0,-3.38133,16.6993,60.968,19.7833
20.314,13.8667,211.243,213.344,49.864,51.6427,11.6053,13.6067,0.65,0,-3.512,16.5067,60.88,19.694
20.2,13,212.672,215.147,49.896,51.6667,11.4427,13.1027,0.65,0,-3.64267,16.294,61.296,19.56
20.096,13,213.387,217.035,49.9067,51.6507,11.524,12.4513,0.65,0.230667,-3.38133,16.1053,62.0373,19.4867
19.9907,13,215.136,220.16,49.856,51.6187,11.6053,13.46,0.65,0.134667,-3.512,15.9767,61.752,19.3567
19.866,12.7333,215.563,220.171,49.744,51.616,11.6053,12.6793,0.65,0.0413333,-3.57733,15.8047,61.4613,19.2633
19.7547,11.4,216.469,220.821,49.4747,51.4827,11.524,13.2813,0.65,0.591333,-3.512,15.5867,60.9813,19.1493
19.6307,10.8,217.163,220.043,49.312,51.448,11.6867,13.184,0.65,0.190667,-3.38133,15.362,60.512,18.976
19.506,10.4667,216.96,218.475,49.0613,51.3893,11.426,13.0213,0.65,0.264667,-3.25067,15.1233,59.8373,18.8573
19.374,10,215.915,216.992,48.8453,51.304,11.6053,13.0213,0.65,0.682,-3.316,14.91,59.3493,18.7333
19.2467,10,215.072,216.107,48.7093,51.216,11.524,13.2653,0.65,0.175333,-3.38133,14.732,59.7387,18.6133
19.118,10,213.653,215.627,48.5653,51.168,11.7847,12.2893,0.65,0.163333,-3.25067,14.5273,59.4347,18.498
18.9833,10,213.941,215.019,48.56,51.1653,11.5073,14.0773,0.65,0.24,-3.38133,14.3653,59.9093,18.374
18.8767,10,212.811,214.976,48.512,51.1573,11.6053,13.1027,0.65,0.446,-3.38133,14.1973,59.888,18.22
18.7547,9.33333,212.533,214.4,48.4,51.1013,11.524,13.1027,0.65,0.42,-3.25067,14.01,59.1147,18.1133
18.612,9,212.064,212.501,48.2187,51.0107,11.7847,12.8587,0.65,0.368667,-3.316,13.8113,57.736,17.9813
18.498,9,210.912,213.461,47.8933,50.7653,11.622,12.972,0.65,0,-3.316,13.6393,57.528,17.8427
18.36,8.6,211.424,213.227,47.9573,50.7493,11.4427,14.1267,0.65,0,-3.17267,13.4513,57.7467,17.7433
18.2353,8,210.421,212.811,47.928,50.688,11.6053,13.184,0.65,0.072,-3.316,13.2973,57.9467,17.6047
18.1113,8,210.187,213.099,47.9493,50.664,11.7033,12.6147,0.65,0.0386667,-3.44667,13.1373,57.8773,17.474
17.9693,8,210.347,212.555,47.7973,50.4373,11.6053,14.0613,0.65,0.155333,-3.18533,12.96,57.8133,17.384
17.8507,8,209.835,212.117,47.728,50.4187,11.6867,13.2653,0.65,0.0906667,-3.38133,12.7933,57.8267,17.2447
17.7273,8,210.144,211.968,47.6533,50.3173,11.524,13.3467,0.65,0,-3.316,12.6253,57.6747,17.1067
17.592,7.86667,209.248,210.763,47.5573,50.2373,11.7847,13.3467,0.65,0.072,-3.25067,12.4687,57.5413,17.0053
17.484,7.13333,208.779,210.496,47.5547,50.2907,11.4427,13.2653,0.65,0.196667,-3.18533,12.3513,57.2213,16.9
17.368,7,208.597,209.28,47.6827,50.3067,11.6867,13.3467,0.65,0.528,-3.17267,12.2527,56.1947,16.7627
17.242,7,207.68,208.629,47.6427,50.288,11.622,13.0213,0.65,0.679333,-3.44667,12.1333,55.5493,16.6327
17.09,7,207.051,207.797,47.4747,50.1467,11.6867,12.7433,0.65,0.232,-3.18533,12.042,55.1573,16.494
16.9833,7,206.24,207.637,46.9413,49.7307,11.524,12.1267,0.65,0.0933333,-3.18533,11.96,55.2053,16.3633
16.8887,7,205.92,207.264,46.928,49.6853,11.8827,11.9947,0.65,0,-3.18533,11.85,55.288,16.2733
16.7913,7,205.771,207.659,47.0027,49.5653,11.6053,13.1187,0.65,0.168,-3.25067,11.74,55.3067,16.17
16.67,7,204.309,207.723,47.1547,49.5627,11.6867,11.9307,0.65,0,-3.18533,11.636,55.4907,16.0793
16.5553,7,203.616,207.52,47.0587,49.456,11.3613,13.0047,0.65,0,-3.12,11.5153,55.4853,15.974
16.454,7,204.021,206.933,47.176,49.4453,11.7847,13.1673,0.65,0,-3.18533,11.4287,55.44,15.872
16.332,7,203.947,207.072,47.208,49.4507,11.7847,13.2653,0.738,0,-3.18533,11.324,55.4187,15.7453
16.232,7,203.147,207.147,47.3333,49.416,11.524,13.7853,4.07867,0.226,-3.18533,11.242,55.408,15.684
16.1227,7,203.509,208.139,47.6907,49.4827,11.524,14.0453,119.83,0.519333,-3.18533,11.0633,56.432,15.582
16.014,7,204.437,209.408,47.488,49.416,11.8013,12.7607,571.328,0,-1.10533,10.8673,56.7227,15.4687
15.8907,7,204.416,209.728,47.4667,49.288,13.508,22.2653,611.541,0,10.5553,10.7287,56.9653,15.3407
15.7867,7,206.475,211.392,47.336,49.2667,21.426,22.784,612.437,0,42.06,10.6333,57.4827,15.2373
15.6987,7,208.149,212.875,47.1413,49.232,20.968,23.568,614.251,0,83.2853,10.6433,57.264,15.1607
15.6367,7,208.491,213.28,47.216,49.1733,21.2293,23.0627,616.043,0.127333,128.544,10.696,57.448,15.11
15.5613,7,209.28,212.533,47.216,49.1413,21.2473,23.44,617.067,0.267333,178.848,10.8647,56.824,15.0273
15.554,7.33333,209.664,212.384,46.9787,48.9013,20.7247,24.912,618.304,0.113333,230.325,11.0873,56.1893,15
15.562,8,209.76,212.832,46.768,48.7413,21.31,35.844,619.2,0,281.173,11.43,55.496,14.9767
15.572,8.53333,210.368,212.256,46.6827,48.552,21.0667,46.56,619.925,0,332.128,11.8627,55.3653,15.004
15.64,8.86667,210.528,212.651,46.6293,48.4107,29.1087,53.184,620.565,0.036,377.643,12.3153,55.7467,15.0787
15.7107,10.2,211.36,212.395,46.5867,48.1493,31.468,81.2853,621.291,0.0413333,425.515,12.7853,55.944,15.1827
15.8033,11.8,210.528,212.597,46.5307,47.816,41.4173,89.0187,622.016,0,473.28,13.2667,56.1253,15.3333
15.9573,12.1333,211.616,213.045,46.5093,47.5307,41.4347,112.992,622.272,0.679333,515.861,13.7567,56.1067,15.4987
16.1327,13,211.424,213.675,46.496,47.2373,51.752,113.147,622.229,0.611333,561.493,14.312,55.6853,15.6973
16.3553,13,212.309,212.885,46.376,46.9653,51.8187,113.429,622.4,0.616667,599.787,14.8027,54.9973,15.9273
16.6093,14.6,212.587,213.013,46.3227,46.6907,51.64,132.432,622.315,1.43867,639.893,15.3267,54.3413,16.1867
16.8593,16.1333,212.544,213.248,46.2827,46.4987,54.3387,142.411,621.845,1.52133,671.232,15.8347,53.7653,16.4687
17.1727,16.8,229.653,224.565,45.792,46.2693,53.2133,142.96,622.784,1.612,706.475,16.3433,53.2853,16.796
17.656,17,312.917,302.112,46.088,46.528,79.6027,142.448,623.04,1.99667,734.933,16.8607,52.6373,17.2453
18.132,17,388.245,382.347,46.144,46.84,81.5013,142.88,622.997,2.008,759.723,17.3333,52.2507,17.6933
18.5733,17,428.011,413.568,46.088,46.92,81.664,142.315,623.04,1.70533,780.16,17.8073,51.9333,18.106
18.994,17,466.837,457.301,45.928,47.032,81.4827,142.56,623.04,1.75,795.307,18.232,51.544,18.4793
19.416,17,480.384,468.907,45.688,46.8587,81.424,142.416,623.04,1.51733,807.552,18.67,50.9493,18.8673
19.802,17,492.949,530.027,45.624,47.1787,81.2613,142.56,623.04,1.608,817.408,19.1053,50.5973,19.2593
20.19,17.1333,511.531,551.403,45.5227,47.2667,81.4427,142.4,622.357,1.82533,819.072,19.4993,50.504,19.608
20.558,18,563.072,602.88,45.6533,47.464,81.2427,143.024,622.101,1.53133,822.571,19.9227,49.9253,19.9887
20.92,18.2667,586.432,609.237,45.6107,47.1573,81.0213,142.443,622.144,1.858,819.285,20.38,49.4933,20.316
21.244,20,590.656,580.992,45.6587,47.0747,80.744,117.189,621.803,1.622,812.757,20.8053,48.9867,20.6107
21.536,20,594.389,545.728,45.6053,46.7227,81.184,112.667,621.76,2.132,801.323,21.1907,48.592,20.8613
21.832,19.0667,547.157,481.472,45.3813,46.384,81.12,112.475,621.76,1.72867,784.299,21.564,48.2507,21.0987
21.948,19,527.317,426.496,46.424,46.4427,80.8427,112.747,621.461,2.16,766.336,21.9093,47.7893,21.2853
22.0973,19,472.704,371.136,46.6533,46.56,77.2613,111.589,621.12,1.99533,742.827,22.2493,46.9707,21.4707
22.288,19,402.816,345.152,45.5173,46.3227,68.8507,90.1653,620.779,2.088,717.013,22.596,46.52,21.6053
22.488,19,386.923,318.187,45.7627,46.3733,51.1573,83.1147,620.395,2.39267,689.28,22.9147,45.56,21.7813
22.6253,19,343.104,296.181,44.72,46.4133,51.24,66.944,620.181,2.19,654.165,23.048,45.432,21.888
22.7653,19,315.68,283.019,44.2187,46.4667,49.2347,53.4427,619.84,2.55067,619.2,23.176,44.9867,21.996
22.8867,19,291.829,272.469,43.416,46.456,41.2747,46.6133,619.371,2.16133,579.84,23.256,44.176,22.088
22.98,19,275.52,261.643,43.16,46.5947,41.3373,41.8187,619.2,2.02067,538.859,23.1787,43.2773,22.1587
23.06,19,259.691,246.571,42.1413,46.84,34.656,33.7307,619.2,1.63867,495.211,23.0067,42.1413,22.208
23.116,19,245.291,242.88,41.68,46.656,31.224,29.2253,618.859,2.26667,449.131,22.832,42.456,22.228
23.144,19,234.549,237.877,41.696,46.6533,20.742,23.08,618.56,1.964,401.216,22.588,41.8267,22.244
23.164,19,228.576,232.981,41.328,46.44,20.742,23.208,618.048,2.41933,350.421,22.22,42.2773,22.26
23.128,19,224.448,226.325,41.4293,46.8533,20.8213,22.6853,617.92,2.13133,300.203,21.7907,43.2507,22.232
23.0787,19,221.28,223.488,41.7307,46.656,20.6607,23.3227,617.835,1.78867,247.68,21.468,44.968,22.2053
23.012,18.6667,219.349,219.381,42.024,46.5013,20.7427,22.604,617.237,1.83067,199.072,21.1187,46.1333,22.164
22.9307,18,216.96,218.368,42.6827,46.168,20.7407,23.2893,616.896,1.60133,149.589,20.828,48.7947,22.092
22.8653,18,215.243,216.032,43.6373,46.1893,20.904,22.9467,616.256,1.742,86.332,20.5747,51.2773,22.0253
22.772,18,214.656,215.328,44.408,46.6213,20.644,22.6507,615.339,1.576,30.8147,20.3393,52.7387,21.956
22.676,18,214.091,214.837,45.024,47.1093,14.3347,23.4053,614.464,1.00467,11.1027,20.1373,53.6,21.864
22.5787,17.2667,212.981,213.195,45.5813,47.5573,11.3927,15.9807,613.931,0.887333,0.611333,19.9153,54.4667,21.7613
22.472,17,211.787,212.373,46.0133,47.856,11.23,13.1027,319.44,0.583333,-3.77333,19.6753,55.1467,21.6627
22.364,17,212.171,212.661,46.528,48.184,11.1153,12.37,36.9647,0.199333,-3.708,19.4427,56.2933,21.5773
22.2427,16.3333,211.456,212.928,47.0267,48.352,11.0507,13.0213,1.97,0.184,-3.708,19.1967,57.2907,21.4627
22.1413,15,211.008,212.064,47.4267,48.5867,11.1153,12.94,0.694,0.129333,-3.96933,18.984,57.8933,21.3813
22.0387,15,211.083,211.851,47.7733,48.8213,11.2133,13.216,0.65,0.334,-3.904,18.76,58.3227,21.2933
21.9133,15,210.699,212.331,48.0773,49.0267,11.5073,12.858,0.65,0.194,-3.904,18.5293,58.6213,21.192
21.8173,14.6667,211.424,212.267,48.2827,49.2187,11.524,13.2,0.65,0,-3.57733,18.306,58.9333,21.1
21.6947,14,211.104,211.989,48.488,49.296,11.3447,12.7607,0.65,0,-3.708,18.09,59.176,21
21.5787,14,210.549,212.992,48.5867,49.3947,11.426,13.0213,0.65,0,-3.64267,17.8693,59.576,20.888
21.4613,14,210.827,212.64,48.704,49.4293,11.3447,13.1027,0.65,0,-3.83867,17.66,60,20.8147
21.3533,14,211.147,212.416,48.7573,49.504,11.524,12.94,0.65,0,-3.64267,17.4333,60.3573,20.6933
21.2187,14,211.136,213.867,48.7573,49.4773,11.6053,12.598,0.65,0.0573333,-3.708,17.248,60.704,20.6093
21.096,14,212.021,214.176,48.704,49.512,11.5073,11.7987,0.65,0,-3.38133,17.066,61.0267,20.504
20.984,14,212.053,215.403,48.7307,49.5707,11.5073,13.2653,0.65,0,-3.64267,16.888,61.0933,20.3693
20.8533,14,212.491,214.656,48.6453,49.5333,11.524,12.94,0.65,0,-3.64267,16.7307,61.2533,20.246
20.7373,14,212.501,215.083,48.1973,49.3173,11.6053,13.0213,0.65,0.586,-3.64267,16.5673,61.6613,20.138
20.62,13.7333,212.843,215.957,47.9867,49.2507,11.6867,12.6787,0.65,0.609333,-3.316,16.3973,61.8453,20.0253
20.494,12,212.416,215.552,48.064,49.3973,11.2467,13.1027,0.65,0.0746667,-3.38133,16.1967,61.544,19.8807
20.3633,11.8,212.373,215.584,47.9173,49.464,11.6867,13.118,0.65,0.124,-3.57733,16.0127,61.4533,19.7833
20.2313,11.2667,213.248,215.659,47.7253,49.44,11.622,13.0213,0.65,0.297333,-3.38133,15.836,61.5387,19.6213
20.108,10.9333,212.469,215.445,47.7307,49.4827,11.4427,13.1027,0.65,0.163333,-3.512,15.666,61.6053,19.5153
19.9907,10.0667,212.8,214.475,47.5493,49.44,11.6053,13.2153,0.65,0.255333,-3.316,15.4927,61.7573,19.4067
19.8553,10,212.011,213.771,47.5413,49.5173,11.328,13.0213,0.65,0.0386667,-3.64267,15.3547,61.4907,19.2733
19.7413,10,211.509,212.757,47.1947,49.4213,11.6867,13.1347,0.65,0.32,-3.25067,15.2013,61.4747,19.1707
19.62,10,211.179,213.195,47.0987,49.4533,11.7033,13.3467,0.65,0.358667,-3.316,15.0387,61.2373,19.0287
19.4993,10,210.624,212.117,47.0773,49.48,11.5073,13.2653,0.65,0.096,-3.316,14.88,61.0773,18.9067
19.3673,9.66667,209.696,212.309,47.104,49.5173,11.4427,12.63,0.65,0.044,-3.38133,14.7313,60.8747,18.8007
19.2573,9,210.059,212.587,46.928,49.4907,11.622,14.0453,0.65,0,-3.44667,14.5607,60.8347,18.686
19.136,9,209.323,211.808,46.8773,49.4747,11.6053,13.1027,0.65,0,-3.316,14.358,60.96,18.56
18.998,9,209.653,212.309,46.8507,49.48,11.524,12.7773,0.65,0.08,-3.316,14.1847,60.8587,18.464
18.8973,9,209.643,212.277,46.744,49.464,11.4427,14.0453,0.65,0,-3.25067,14.0347,60.7147,18.348
18.774,9,209.099,211.253,46.6053,49.4373,11.6867,13.184,0.65,0.126667,-3.25067,13.91,60.8293,18.2227
18.656,9,209.227,211.84,46.6373,49.4107,11.524,12.598,0.65,0.0853333,-3.38133,13.7967,60.5387,18.1133
18.5413,9,208.683,211.733,46.6053,49.4133,11.524,13.72,0.65,0.262,-3.25067,13.6407,60.496,17.9967
18.4207,9,208.779,211.136,46.568,49.4053,11.7033,13.0213,0.65,0.044,-3.316,13.5033,60.432,17.8453
18.2967,9,208.683,211.104,46.528,49.3733,11.7847,13.2653,0.65,0.21,-3.25067,13.3907,60.3253,17.7467
18.17,8.4,207.968,210.709,46.4827,49.3627,11.6053,13.3467,0.65,0.121333,-3.12,13.2767,60.216,17.6353
18.0367,8,209.291,210.976,46.5147,49.3307,11.6867,12.7607,0.65,0.0953333,-3.12,13.1447,60.192,17.504
17.9193,8,208.341,210.699,46.4613,49.3627,11.524,12.11,0.65,0.119333,-3.12,13.0093,60.2853,17.41
17.81,8,207.755,210.496,46.4587,49.3733,11.5887,12.256,0.65,0,-3.25067,12.8993,60.2587,17.3007
17.7013,8,208.416,210.816,46.4587,49.3253,11.6053,13.704,0.65,0,-3.18533,12.7953,60.2187,17.188
17.596,8,208.171,210.677,46.4427,49.3147,11.4427,13.7533,0.65,0,-3.316,12.6793,60.2933,17.0673
17.484,8,208.075,210.24,46.44,49.3093,11.524,13.3467,0.65,0,-3.316,12.5767,60.232,16.9367
17.3767,7.06667,208.245,210.677,46.408,49.312,11.7033,13.2653,0.694,0.124,-3.25067,12.4733,60.3627,16.8233
17.2647,7,207.765,210.485,46.4107,49.2613,11.524,13.5093,4.29867,0.636667,-3.12,12.382,60.384,16.7093
17.1193,7,208.277,210.304,46.408,49.192,11.866,13.3467,125.958,1.11333,-3.18533,12.256,60.4213,16.5627
17.0067,7,208.267,210.347,46.4213,49.248,11.4427,13.3467,570.987,0.370667,-0.871333,12.1433,60.3787,16.4333
16.912,7,207.541,210.656,46.384,49.24,13.166,22.1213,611.925,0.168,10.764,12.076,60.3547,16.3287
16.8433,7,209.035,210.773,46.336,49.2,21.0673,24.0907,612.821,0.330667,39.1587,11.9933,60.4053,16.28
16.7447,7,209.365,211.925,46.3307,49.1067,21.0027,22.308,613.803,0.672,75.8907,11.96,60.4053,16.1873
16.6733,7,208.789,212.331,46.2933,49.0293,21.3273,23.44,615.04,0.544667,117.467,11.9667,60.4347,16.11
16.5927,7.73333,209.323,211.936,46.2533,48.944,21.0667,24.1067,616.256,0.044,163.035,12.052,60.5787,16.0867
16.5613,8,209.397,212.341,46.2213,48.824,21.166,22.5867,617.408,0.036,212.256,12.1593,60.392,16.06
16.55,8.2,209.173,212.288,46.224,48.6933,21.002,33.5307,618.603,0.124,262.016,12.408,59.0667,16.016
16.5607,9.26667,209.504,212.555,46.2427,48.5093,21.2127,42.9387,619.499,0.173333,309.6,12.8507,57.9627,16.04
16.618,10,210.005,212.757,46.2053,48.288,24.926,52.7413,620.395,0.156,357.76,13.236,57.688,16.0727
16.694,10.3333,210.731,211.424,46.1707,47.912,31.3707,65.2667,621.376,0,402.453,13.7007,57.9333,16.174
16.7993,11,211.371,211.819,46.1227,47.6053,36.6213,83.28,622.187,0,444.096,14.1867,57.632,16.2767
16.9193,11,211.104,212.992,45.9627,47.3173,41.1933,91.0027,622.4,0.201333,488.469,14.7087,57.04,16.4527
17.054,12,211.285,211.019,45.8373,46.9733,41.4,113.429,622.144,1.43,533.44,15.2087,56.2933,16.63
17.2667,14,211.253,210.965,45.8133,46.688,49.0293,112.56,622.101,1.87067,575.893,15.7507,55.72,16.8487
17.46,14.5333,211.061,209.824,45.912,46.448,51.7493,113.339,621.632,2.768,618.304,16.276,54.808,17.0813
17.72,15,211.851,209.205,45.84,46.3093,51.5733,112.005,621.632,2.81933,654.08,16.7673,54.056,17.3453
17.964,16.0667,211.52,208.597,45.8667,46.2187,67.3173,127.979,621.205,3.116,687.403,17.316,53.2133,17.5693
18.2267,17,211.147,208.064,45.9867,46.2133,81.1627,142.411,621.632,2.97667,718.037,17.756,52.5147,17.8407
18.4733,17,210.784,208.619,46.0027,46.1867,81.3413,142.8,622.357,2.876,743.851,18.1367,52.3467,18.1027
18.7293,17,210.283,208.832,46.072,46.1547,81.504,142.304,622.4,2.76067,767.275,18.4673,52.1333,18.3733
18.9653,17.9333,210.891,210.165,46.1627,46.0773,81.3413,141.888,622.272,3.07933,780.501,18.8313,51.6827,18.682
19.2027,18,211.659,210.592,46.312,46.0773,81.2427,142.48,621.291,3.48267,794.24,19.212,51.1387,18.9627
19.442,18,213.195,210.293,46.224,46.0293,81.5013,142.277,621.163,3.08067,800.768,19.5607,50.5387,19.274
19.7413,18,215.723,217.003,45.1573,45.6827,81.1013,142.64,621.12,3.26533,804.139,19.894,50.4293,19.49
20.062,18,215.595,216.992,44.3787,45.576,81.0827,141.653,621.12,3.304,799.915,20.1793,50.104,19.756
20.3,18.1333,211.883,212.597,44.328,45.496,80.9227,127.931,621.12,3.31267,795.989,20.4413,49.8267,19.978
20.5147,19,210.912,209.707,44.392,45.8187,81.1013,112.667,620.907,3.578,788.608,20.62,49.0773,20.1287
20.6667,19,210.997,210.08,45.1867,46.0427,80.7627,113.749,620.736,3.32467,778.24,20.824,49.0933,20.334
20.82,18.6,211.349,208.928,45.608,46.1733,80.9227,111.808,620.608,3.71067,762.581,21.0227,48.3333,20.472
21.0107,18.0667,210.485,208.896,45.304,46.0613,79.6053,112.485,620.48,3.07667,742.315,21.2227,48.352,20.608
21.2133,18,211.317,209.056,45.36,46.072,52.1973,98.4587,620.309,2.888,718.848,21.4627,48.1653,20.7587
21.3787,18,211.168,209.056,45.6267,46.1387,50.9787,83.12,620.139,2.922,691.541,21.656,48.2507,20.84
21.5347,18,211.339,209.931,45.8133,46.1733,51.0773,82.88,619.84,2.616,666.88,21.832,48.3573,20.9293
21.6947,18,211.029,209.675,45.2347,46.1173,51.16,69.04,619.712,3.39267,636.608,21.9693,47.4987,21.056
21.8267,18,212.117,209.472,45.928,46.3813,43.2587,53.04,619.541,2.918,598.101,22.0213,47.3893,21.1307
21.896,18,210.805,209.44,45.1307,46.3227,41.3547,49.7067,619.2,2.87067,562.517,22.0027,47.7013,21.168
21.964,18,211.456,209.6,46.36,46.712,41.4173,42.96,619.2,2.118,523.115,21.904,48.2053,21.192
22.0373,18,210.315,210.123,45.4453,46.728,31.224,38.8573,618.645,2.93267,477.504,21.8493,48.144,21.2387
22.0547,18,210.283,210.56,45.4827,46.8693,27.6433,32.5573,618.347,2.95333,435.029,21.6547,48.5813,21.264
22.0693,18,210.752,210.859,46.144,47.136,20.724,24.308,617.963,3.04933,390.677,21.3973,49.6133,21.26
22.0507,18,210.805,210.453,46.2293,47.3947,20.8233,23.2427,617.792,2.37733,345.077,21.0667,50.112,21.2467
22.012,17.8667,211.136,210.528,46.2667,47.5307,20.742,23.2427,617.749,2.51067,296.512,20.7693,50.5547,21.2173
21.8867,17.2,210.347,210.368,45.808,47.4267,20.742,22.9933,617.28,2.71867,248.661,20.4487,50.8347,21.1387
21.7733,17,210.912,209.941,46.4,47.8053,20.9027,23.5213,616.768,2.826,199.403,20.1433,51.6587,21.0253
21.6507,16.0667,210.251,209.867,46.3147,47.7733,20.6607,22.7667,616.597,2.534,151.291,19.852,52.12,20.9547
21.4973,16,210.272,209.984,46.616,47.9413,20.8407,23.1267,616,1.98133,92.7453,19.588,52.872,20.8533
21.36,16,210.624,209.941,47.112,48.312,20.6427,23.144,615.275,1.54933,34.096,19.3907,53.416,20.724
21.208,16,210.677,211.371,47.4,48.616,18.9207,21.8847,614.464,1.2,19.8647,19.1973,53.784,20.636
21.0733,16,211.403,210.965,47.4373,48.6613,11.4427,20.5693,614.357,0.966,5.84267,18.9413,54.104,20.524
20.928,16,211.488,211.563,48.6933,49.5733,11.4093,13.184,522.432,0.539333,-3.004,18.732,55.464,20.3853
20.788,15.4667,212.437,212.523,50.3333,50.92,11.426,13.0047,90.4007,0.389333,-3.708,18.5253,57.144,20.2493
20.6067,15,213.163,214.091,51.8587,52.272,11.5073,13.2967,3.11267,0.233333,-3.708,18.2847,58.3467,20.0873
20.452,15,213.867,214.443,52.4933,52.84,11.328,13.1027,0.782,0,-3.64267,18.1053,58.848,19.924
20.2707,15,213.995,214.549,52.5707,52.9733,11.3447,13.0207,0.65,0,-3.77333,17.8773,59.3973,19.81
20.1107,14.4,214.795,216.011,52.472,52.8933,11.4427,13.2653,0.65,0,-3.57733,17.678,59.5387,19.6687
19.966,14,215.883,216.512,52.3093,52.7147,11.4093,13.0213,0.65,0,-3.38133,17.5213,59.5173,19.4933
19.78,14,216.811,218.293,53.2827,53.4827,11.4907,13.0527,0.65,0,-3.57733,17.3213,60.6213,19.3733
19.6267,14,216.811,217.899,54.1253,54.1547,11.524,13.1027,0.65,0,-3.57733,17.1453,61.512,19.2453
19.4767,14,216.779,217.995,54.5333,54.5813,11.4427,13.1027,0.65,0.036,-3.83867,16.9813,62.0133,19.0827
19.314,14,218.645,219.851,54.1867,54.3813,11.6867,13.394,0.65,0.122,-3.512,16.828,61.8507,18.9553
19.186,14,218.379,220.448,53.016,53.5307,11.3613,13.3627,0.65,0,-3.44667,16.6707,61.344,18.8253
19.0833,14,217.077,220.512,51.0267,52.416,11.4907,12.94,0.65,0.126667,-3.57733,16.5413,61.0827,18.7233
18.9327,12.9333,217.141,221.323,50.224,52.0347,11.6053,13.1833,0.65,0.129333,-3.512,16.3867,60.9893,18.5967
18.7867,12,217.483,221.344,50.872,52.128,11.3447,13.1027,0.65,0.100667,-3.512,16.2407,60.7013,18.434
18.6273,11.2667,217.152,219.072,49.4453,51.9093,11.6867,12.7767,0.65,0.404,-3.44667,16.0807,61.2933,18.3187
18.524,11,216.864,219.392,48.3467,51.7867,11.622,13.3627,0.65,0.781333,-3.512,15.9347,61.7333,18.1707
18.3647,11,216.395,217.824,50.0027,51.8747,11.6867,13.0213,0.65,0.0773333,-3.316,15.7887,60.928,18.028
18.1967,10.0667,215.307,217.717,49.4747,51.6053,11.7033,12.9553,0.65,0.0386667,-3.38133,15.6247,60.5627,17.8967
18.0573,10,214.4,215.584,48.7867,51.3653,11.3447,13.5413,0.65,0.212667,-3.512,15.454,60.6773,17.7593
17.8827,10.7333,213.856,215.552,49.3093,51.4133,11.5887,13.184,0.65,0.110667,-3.512,15.316,60.464,17.598
17.7493,11,213.589,214.987,49.5253,51.3627,11.6053,13.184,0.65,0.0493333,-3.44667,15.1733,60.3413,17.5007
17.6173,10.4667,212.597,213.312,49.472,51.28,11.524,12.956,0.65,0.188667,-3.25067,15.0313,60.1787,17.374
17.4907,10,212.32,213.675,49.8133,51.368,11.6867,13.1027,0.65,0.0413333,-3.316,14.886,60.3013,17.2093
17.3687,10,211.296,213.067,49.5493,51.256,11.622,12.5327,0.65,0,-3.44667,14.7507,60.1547,17.1167
17.246,10,210.624,212.245,49.328,50.952,11.5887,13.3627,0.65,0,-3.38133,14.6427,59.9413,16.9887
17.068,10,211.221,213.141,49.776,51.168,11.7033,13.2653,0.65,0,-3.38133,14.4607,60.168,16.818
16.9453,10,210.464,211.531,48.136,50.9253,11.4427,13.184,0.65,0.246,-3.18533,14.3293,60.1467,16.726
16.84,10,210.421,212.021,48.6853,50.672,11.6867,12.0933,0.65,0.22,-3.25067,14.2333,59.7627,16.604
16.7027,9.46667,209.856,211.627,48.6053,50.6293,11.6053,14.3213,0.65,0.226,-3.38133,14.0773,59.712,16.4513
16.5487,8.46667,209.6,212.352,48.9093,50.784,11.6053,13.428,0.65,0.0413333,-3.64267,13.938,59.8987,16.308
16.4287,8,210.112,212.021,48.624,51.008,11.524,13.3627,0.65,0.168667,-3.316,13.8033,60.152,16.2107
16.3027,8,209.365,211.435,48.9573,51.2693,11.7033,13.5093,0.65,0.088,-3.44667,13.7047,60.3307,16.064
16.1813,8,209.408,210.795,48.5067,51.4133,11.6053,13.184,0.65,0.371333,-3.38133,13.5913,60.5067,15.9367
16.0613,8,209.899,211.659,48.9707,51.6427,11.6867,13.2653,0.65,0.132,-3.25067,13.4893,60.6293,15.81
15.9187,8,209.92,211.947,49.592,51.856,11.4427,13.184,0.694,0,-3.316,13.358,60.776,15.706
15.8,8,210.027,211.947,48.576,51.6427,11.7033,13.2653,0.65,0.265333,-3.25067,13.2533,61.0213,15.596
15.698,8,208.875,210.699,47.408,51.2347,11.6053,13.672,0.65,0.684667,-3.316,13.1967,61.3733,15.488
15.62,8,209.323,211.019,47.5093,51.2133,11.426,13.1027,0.65,0.496,-3.25067,13.122,61.0933,15.4167
15.5053,8,209.355,210.837,47.7067,51.3067,11.6053,12.842,0.65,0.398,-3.25067,13.0467,60.9787,15.2933
15.3773,8,208.672,210.443,47.3093,51.064,11.7847,13.5093,0.65,0.49,-3.12,12.9573,60.896,15.1607
15.3087,8,209.248,210.56,47.4213,50.9467,11.524,13.3467,0.65,0.402,-3.44667,12.858,60.424,15.0653
15.1913,8,209.291,210.517,47.848,50.8827,11.7847,13.1833,0.65,0.502667,-3.18533,12.7767,60.0293,14.96
15.116,8,208.448,209.963,47.64,50.7627,11.4427,12.5333,0.87,0.122,-3.316,12.684,59.896,14.88
15.0173,8,208.331,210.347,47.4053,50.672,11.7033,13.2653,5.924,0.4,-3.38133,12.6267,59.8,14.78
14.9153,8,209.461,211.456,47.7493,50.7333,11.6053,13.2653,136.417,0.147333,-3.12,12.5393,59.7493,14.666
14.79,8,209.472,212.107,47.896,50.6853,11.3613,13.7853,578.197,0.156,-0.272,12.438,59.7867,14.586
14.7353,8,209.771,213.227,47.7467,50.616,14.1267,23.44,612.48,0.365333,13.4713,12.354,59.6213,14.4713
14.65,8,210.923,213.995,47.7227,50.56,21.408,22.864,613.376,0.0853333,44.584,12.31,59.4773,14.4347
14.6067,8,211.221,214.485,47.5227,50.4213,21.426,23.44,614.528,0.165333,81.936,12.29,59.2613,14.3713
14.59,8,210.997,213.6,47.5253,50.2587,20.8233,23.34,615.829,0.305333,124.56,12.366,58.9307,14.38
14.61,8,210.187,213.184,47.4427,50.1413,21.0027,23.4867,617.195,0.0593333,171.163,12.4867,58.656,14.3593
14.65,8,209.675,212.608,47.3067,50.032,21.1007,25.94,618.133,0.052,220,12.6813,58.2373,14.3833
14.7347,8.93333,210.432,211.701,47.3387,49.816,21.4733,35.4667,619.328,0.0573333,267.947,12.9033,57.5467,14.424
14.8073,9,211.029,212.213,47.584,49.7653,21.1653,43.9307,619.84,0.334667,316.565,13.256,57,14.5073
14.9467,10.4667,210.987,212.896,47.9493,49.9093,25.006,53.3627,620.352,0,365.163,13.6387,56.9467,14.6247
15.1133,11.3333,211.328,214.677,47.2053,49.144,31.1427,78.7653,621.461,0,412.821,14.0593,56.904,14.798
15.318,12,212.235,216.085,46.5147,48.5627,36.524,82.7467,622.144,0,458.176,14.532,56.8373,15.004
15.566,14.8,213.472,216.907,46.288,48.2827,41.4973,111.168,622.784,0.122,500.971,15.0313,56.4027,15.248
15.8353,15,214.827,217.984,46.7067,48.264,44.7427,113.259,622.784,0.67,544.747,15.524,55.952,15.5233
16.1353,15,214.261,216.885,46.7467,47.96,51.64,112.912,622.4,1.49733,590.144,16.0493,54.8187,15.8653
16.4247,15.7333,213.408,215.936,46.4187,47.5387,51.9947,113.408,622.315,1.81733,629.099,16.5493,53.712,16.1953
16.7027,16,214.059,214.848,46.0987,47.0987,51.656,136.336,622.315,2.25267,663.893,17.024,52.9253,16.5227
17.0213,17.8667,212.416,213.621,45.792,46.6773,61.7387,142.528,622.144,2.304,699.904,17.452,52.0613,16.8713
17.3387,18,212.107,212.896,45.448,46.3493,81.7413,142.448,623.04,2.06267,727.765,17.874,51.3973,17.2167
17.6527,18,211.691,211.904,45.0187,46.0667,81.2613,142.512,623.253,2.22733,754.176,18.256,50.6853,17.548
17.9773,18,211.573,211.371,45.1253,46.0613,81.7413,142.624,623.083,2.31533,775.936,18.712,49.9253,17.8833
18.3967,18,211.947,213.269,44.7867,45.3973,81.2427,142.096,622.912,3.09133,796.16,19.1333,49,18.2447
18.8013,18.3333,212.192,211.499,44.368,45.264,81.5013,142.427,621.931,2.73667,808.875,19.482,48.5893,18.604
19.108,19,212.512,210.421,45.2133,45.9947,81.1013,142.043,621.76,2.612,817.92,19.7773,47.9973,18.8893
19.4453,19,212.267,210.464,45.2,45.3947,81.3227,142.075,621.76,2.702,823.979,20.1333,47.5947,19.1953
19.7153,19,213.323,210.251,45.8293,45.1333,81.4,142.368,621.632,2.72267,826.752,20.436,46.96,19.4227
19.9867,19,213.899,210.443,45.7973,45.5013,81.36,142.48,621.589,2.352,820.864,20.7227,46.7893,19.6747
20.1827,19,213.739,210.72,46.1573,45.536,81.104,133.611,621.504,2.53933,813.867,21.0653,46.0453,19.8953
20.3727,19,213.035,210.176,46.792,45.8213,81.2427,112.752,621.12,3.29267,804.992,21.3573,45.144,20.0687
20.6133,19,212.416,210.869,46.6053,45.3973,80.8613,112.987,621.077,3.266,790.528,21.5947,44.3973,20.2413
20.8907,19,213.888,210.645,46.8107,45.2933,80.8427,111.093,621.12,2.764,769.28,21.8453,44.232,20.4667
21.2333,19,223.829,214.485,45.3547,44.936,68.0147,106.736,620.736,3.30067,750.891,22.2013,44.248,20.664
22.22,19,266.891,236.107,43.728,44.5307,31.2093,83.12,620.608,2.41667,724.437,22.4387,42.6853,21.0147
23.004,19,327.925,303.104,42.0853,43.016,30.016,82.96,620.608,2.098,693.888,22.6973,42.7067,21.4267
23.4787,19,318.155,312.203,41.8013,42.9227,39.352,81.04,620.437,2.59067,665.237,22.9133,42.5067,21.6893
23.48,19,282.827,287.243,38.432,42.8933,46.3533,53.36,620.011,2.84,630.677,23.076,41.728,21.7493
23.1387,19,240.171,252.352,35.9853,43.4187,41.6773,48.4107,619.84,2.73067,589.931,23.1,39.8867,21.732
23.012,19,221.589,231.925,34.6987,43.4507,41.2747,43.2,619.285,2.42933,547.861,23.056,39.6787,21.744
22.972,19,217.931,220.352,34.3173,43.5413,35.1427,35.4187,619.2,2.314,500.117,22.9693,38.728,21.772
23.0093,19,215.36,215.979,35.0973,44.2987,29.7427,31.96,618.859,2.71333,452.779,22.796,38.1493,21.8227
23.18,19,214.763,215.115,35.728,44.5813,20.6607,23.44,618.56,2.29667,405.376,22.568,38.292,21.948
23.224,19,213.387,213.739,36.0853,44.3333,20.922,23.3413,618.304,2.146,355.627,22.2493,38.4067,21.9813
23.212,19,213.013,213.024,36.4147,44.3467,20.724,22.6853,617.92,2.086,305.749,21.904,38.7827,22
23.196,19,212.437,213.131,36.7507,44.496,20.8407,23.144,617.792,2.278,254.901,21.572,39.216,21.9893
23.132,19,212.085,212.213,37.0427,44.1013,20.822,23.0453,617.28,1.93333,204.725,21.24,39.7853,21.976
23.056,19,212.096,212.235,37.284,43.136,20.8393,23.7133,616.981,1.5,158.512,20.9773,40.5587,21.952
22.98,19,211.445,212.725,37.4907,42.776,20.3833,23.2427,616.597,1.36667,99.9373,20.696,40.7987,21.8693
22.888,18.0667,210.955,212.843,37.8547,42.3413,20.7407,22.9467,615.659,0.999333,30.7347,20.4373,41.736,21.8267
22.804,18,210.4,212.779,38.3947,42.2613,19.0993,23.4227,614.848,0.943333,18.5233,20.2153,43.4693,21.7587
22.696,18,211.723,212.149,39.1573,42.5467,11.4907,19.7853,614.4,0.619333,5.56867,20.0133,45.3787,21.704
22.5907,18,211.477,212.832,40.0867,43.232,11.2467,13.0213,546.325,0.804667,-3.06933,19.7807,48.352,21.6187
22.4933,17.6667,211.52,213.621,41.0267,43.6987,11.132,12.6793,105.111,0.537333,-3.83867,19.5553,50.488,21.556
22.3813,16.2667,212.288,214.304,42.072,44.1973,11.5887,13.0213,3.94733,0.507333,-3.96933,19.3647,52.624,21.452
22.2733,16,212.373,214.208,42.9307,44.7013,11.3447,12.6793,0.738,0.385333,-3.77333,19.1393,53.92,21.3813
22.1787,16,212.811,215.147,43.7173,45.0987,11.3113,13.2973,0.65,0.297333,-3.77333,18.8913,55.288,21.2933
22.0613,15.4667,213.248,215.477,44.2427,45.4347,11.4093,12.8587,0.65,0.0386667,-3.708,18.7073,56.1147,21.192
21.964,15,213.067,215.893,44.7253,45.7147,11.2467,13.0207,0.65,0.0773333,-3.96933,18.496,56.824,21.1213
21.86,15,213.664,216.107,45.2,45.832,11.622,13.216,0.65,0.248667,-3.708,18.278,57.768,21.036
21.7507,15,214.016,216.789,45.6027,45.872,11.5073,13.1027,0.65,0.126667,-3.708,18.0987,58.4667,20.9507
21.628,14.2667,214.059,217.152,45.84,46.0027,11.132,12.7607,0.65,0.08,-3.512,17.9373,58.9227,20.864
21.5147,14,214.005,216.363,46.1547,46.0907,11.7847,12.842,0.65,0.0573333,-3.64267,17.7713,59.4533,20.78
21.4187,14,214.368,216.704,46.0907,45.976,11.3447,12.5333,0.694,0.181333,-3.57733,17.5993,59.9627,20.696
21.3,13.2667,213.728,219.243,45.9013,45.9413,11.3113,13.3627,0.65,0.390667,-3.44667,17.4293,59.5333,20.5973
21.1707,13,215.264,219.424,45.736,46.2,11.622,12.956,0.65,0,-3.57733,17.206,57.4133,20.4927
21.0427,13,214.88,220.053,45.136,45.936,11.524,13.1027,0.65,0.292667,-3.708,16.944,55.712,20.362
20.9053,13,215.264,219.488,44.6267,46.0453,11.5887,13.0207,0.65,0.126667,-3.57733,16.6713,54.2987,20.2633
20.7907,13,215.349,218.475,44.2507,45.8773,11.524,13.1027,0.65,0,-3.44667,16.362,54.0453,20.1147
20.6773,11.1333,214.699,218.955,43.904,45.6907,11.426,12.9233,0.65,0.08,-3.38133,16.106,53.2507,20.0207
20.5413,11,214.635,217.269,43.5787,45.4373,11.8827,13.688,0.65,0.440667,-3.512,15.93,52.4107,19.9073
20.4173,11,213.696,216.245,43.264,45.304,11.3447,13.1027,0.65,0.336667,-3.316,15.75,51.5253,19.75
20.2847,11,213.6,215.584,42.872,45.1707,11.426,13.184,0.65,0,-3.38133,15.5787,51.3013,19.6067
20.162,10.8667,212.779,214.123,42.5707,45.0373,11.5407,12.5167,0.65,0.0933333,-3.316,15.386,50.848,19.508
20.0467,10,211.872,214.016,42.496,44.9893,11.7847,11.67,0.65,0.0386667,-3.512,15.176,50.5573,19.3933
19.908,10,211.733,213.685,42.3973,44.9093,11.524,13.964,0.65,0.121333,-3.316,15.0247,50.248,19.28
19.7873,9.86667,210.496,212.757,42.552,44.768,11.524,13.0213,0.65,0.174,-3.25067,14.8427,50.8693,19.1327
19.664,9,210.88,214.464,42.616,44.784,11.426,13.184,0.65,0.088,-3.25067,14.6353,51.3333,19.0127
19.5233,9,211.147,213.056,42.6693,44.832,11.7847,13.7193,0.65,0.287333,-3.44667,14.4933,51.344,18.8953
19.388,9,210.069,214.176,42.488,44.6933,11.6053,13.184,0.65,0.27,-3.18533,14.3553,51.2667,18.7567
19.2713,9,210.752,213.184,42.24,44.5307,11.6053,13.2653,0.65,0.235333,-3.25067,14.2007,51.2907,18.63
19.1433,9.73333,209.397,212.459,42.5013,44.672,11.622,12.9553,0.65,0.0646667,-3.25067,14.0567,51.4827,18.5373
19.012,9.66667,209.483,213.301,42.3493,44.48,11.4427,13.184,0.65,0.218,-3.18533,13.9173,51.2507,18.3833
18.8933,9,209.429,212.789,42.5253,44.5067,11.524,13.5093,0.65,0,-3.38133,13.7647,51.568,18.27
18.7853,9,208.896,212.043,42.4293,44.4533,11.7033,13.0213,0.65,0,-3.18533,13.6273,51.4853,18.154
18.6533,9,209.376,212.384,42.4613,44.4373,11.6053,13.5733,0.65,0,-3.25067,13.512,51.4853,18.0653
18.55,9,209.099,211.648,42.5147,44.392,11.7033,13.444,0.65,0,-3.25067,13.3873,51.5947,17.9347
18.4207,9,208.864,211.456,42.504,44.3867,11.4427,13.5093,0.65,0.134667,-3.18533,13.27,51.7067,17.8307
18.2967,9,209.675,211.104,42.6107,44.3067,11.6867,13.5093,0.65,0.08,-3.38133,13.1847,51.8773,17.72
18.1833,9,209.077,212.373,42.6667,44.3893,11.524,12.7607,0.65,0,-3.17267,13.0593,52.1387,17.6353
18.0573,9,209.728,211.765,42.6853,44.3947,11.6053,14.3213,0.65,0,-3.38133,12.9447,52.0747,17.5153
17.9407,9,209.077,210.965,42.648,44.3493,11.6867,14.4347,0.65,0.21,-3.18533,12.8167,52.1387,17.4233
17.8267,8.86667,208.405,210.869,42.5973,44.3973,11.866,13.2967,0.65,0.207333,-3.12,12.7333,52.16,17.316
17.7193,8,208.576,210.965,42.6133,44.3147,11.6867,13.948,0.65,0.136667,-3.17267,12.6947,52.072,17.1987
17.5993,8,208.075,210.56,42.7307,44.4293,11.7847,13.672,0.65,0.391333,-3.12,12.6133,52.1307,17.0607
17.4813,8,207.968,210.603,42.8,44.4267,11.4427,13.5093,0.958,0.288,-3.18533,12.582,51.88,16.96
17.3887,8,208.064,210.859,42.64,44.216,11.7847,13.2653,8.73533,0.036,-3.17267,12.5027,51.8,16.818
17.2927,8,207.701,210.837,42.776,44.232,11.6053,13.2653,200.841,0.036,-3.18533,12.352,52.4213,16.7213
17.1633,8,208.117,212.779,42.7733,44.2293,11.524,15.072,609.216,0,0.117333,12.162,53.08,16.6233
17.058,8,209.035,213.205,42.736,44.2027,15.59,23.44,611.925,0,16.0367,12.0307,53.24,16.5513
16.9627,7.86667,209.781,215.573,42.6907,44.216,20.904,23.44,613.419,0.0386667,54.396,11.9867,53.224,16.4167
16.908,7,210.165,214.741,42.6187,44.1413,20.822,23.44,615.083,0.240667,94.0853,12.014,53.008,16.348
16.8433,7.13333,210.923,214.923,42.6187,44.112,21.2633,22.9467,616.384,0.108667,139.648,12.0747,53.12,16.3167
16.7927,8,211.701,214.485,42.4613,44.016,20.8873,23.44,617.493,0.072,190.72,12.216,52.8373,16.2733
16.776,8,211.84,214.379,42.4107,43.9067,21.0033,26.7387,618.432,0.283333,242.027,12.4213,52.472,16.2367
16.768,8.93333,212.171,214.464,42.3973,43.7787,20.986,36.2653,619.2,0.199333,292.864,12.698,51.8373,16.2267
16.8,9,212.149,214.496,42.2613,43.5813,20.9213,46.3733,620.224,0.142667,345.44,13.08,51.088,16.2293
16.8673,9,211.552,214.08,42.104,43.352,29.9867,56.9067,621.163,0.103333,396.757,13.498,50.6267,16.3007
16.9373,9,212.427,214.507,41.8747,43.0507,31.3053,83.5253,621.888,0.339333,447.701,13.9673,50.424,16.4033
17.0393,11.8,212.405,213.611,41.704,42.776,41.5333,93.1147,622.741,0.178667,494.933,14.4753,49.9093,16.5413
17.1887,12,212.448,213.899,41.576,42.472,41.596,113.264,623.296,0.350667,541.056,14.9893,49.24,16.724
17.3793,12,212.437,212.597,41.7173,42.184,50.16,113.413,623.168,1.24667,586.645,15.4187,48.352,16.9173
17.5847,13.6667,212.683,211.701,41.632,41.9093,51.5707,112.997,623.168,0.924667,629.461,15.868,47.872,17.1527
17.8167,17,212.299,211.765,41.456,41.6827,51.736,132.325,623.595,0.625333,663.189,16.3873,47.4,17.4147
18.0853,17,211.893,211.531,41.448,41.48,51.392,143.04,623.936,1.28867,702.123,16.9673,46.816,17.6987
18.3633,17,212.043,211.051,41.3973,41.3653,71.4827,142.56,624.32,1.746,730.325,17.494,46.0693,17.964
18.6467,17.2667,211.755,211.947,41.2427,41.1253,81.3627,142.432,624.064,1.94067,756.565,18.066,44.9653,18.3093
18.9227,19,211.755,212.416,41.2347,40.968,81.1627,142.88,623.424,2.112,780.8,18.6827,44.9413,18.6247
19.2113,19,211.765,212.192,41.3013,40.944,81.6827,142.128,623.339,1.972,807.552,19.208,44.5573,18.936
19.4947,19,211.819,212.725,41.496,40.9733,81.1627,142.448,623.125,2.106,826.795,19.654,44.088,19.2667
19.7773,19,212.096,212.224,41.5653,40.952,81.2613,142.4,623.168,2.05267,843.136,20.0633,43.584,19.5187
20.062,19,212.373,212.832,41.6347,40.9667,81.504,142.448,622.912,1.73867,846.336,20.4687,43.2267,19.85
20.3267,19.5333,212.48,212.128,41.5707,40.8587,81.2427,142.4,622.528,1.862,852.779,20.848,43.1093,20.12
20.5987,20,212.053,212.107,41.7333,40.868,81.3413,141.984,622.187,1.90867,855.68,21.2573,42.3013,20.4293
20.8373,20,211.755,211.595,41.6133,40.816,81.2027,142.4,622.315,1.76133,849.323,21.6627,42.0187,20.668
21.1013,20,212.267,211.371,41.9253,40.912,81.1627,128.128,621.931,2.07733,845.568,21.9707,40.7907,20.92
21.36,20,212.245,210.933,41.8347,40.6627,80.8427,112.037,622.229,1.576,832.981,22.38,40.7373,21.1373
21.6107,20,212.587,211.413,41.8027,40.5107,81.0827,112.496,621.717,2.14267,819.925,22.8227,39.5907,21.3227
21.852,20,212.117,210.475,42.056,40.4987,80.7627,113.664,621.675,2.07,803.029,23.1773,39.1173,21.5627
22.0733,20,212.405,211.04,41.9813,40.3213,78.5813,112.027,621.163,2.31,782.421,23.5693,38.5293,21.7493
22.2907,20,212.288,211.157,42.0507,40.268,51.0747,86.048,621.12,1.82867,754.987,23.828,37.9133,21.928
22.5027,20,212.021,211.232,42.1067,40.1947,51.0747,83.456,621.12,2.16867,726.784,24.0907,37.772,22.0813
22.708,20.7333,211.584,211.285,40.7893,40.1333,51.1733,71.12,620.949,1.90067,693.419,24.36,37.536,22.22
22.8987,21,211.36,210.965,39.6707,40.2133,47.1347,53.04,620.48,1.98467,657.195,24.58,36.6147,22.3053
23.0453,21,210.357,211.2,37.8987,40.204,41.4187,46.5813,620.651,1.72733,617.643,24.6467,36.092,22.4347
23.1933,21,209.056,210.539,37.036,40.216,41.3373,42.7013,620.053,2.08533,575.829,24.712,35.4573,22.5427
23.304,21,208.928,210.549,36.4747,40.1987,37.1613,32.5573,619.84,1.82,532.736,24.6587,34.3933,22.592
23.3893,21,208.085,210.656,36.5907,40.1027,31.0453,28.5267,619.371,2.08333,484.544,24.508,33.4467,22.684
23.452,21,207.339,210.507,35.8707,40.0147,21.6033,23.2253,619.2,1.68733,432.533,24.2373,32.3093,22.7213
23.508,21,207.584,210.24,35.1707,40.0187,20.742,22.9813,619.029,1.89733,382.955,23.8267,31.104,22.784
23.5187,21,206.56,210.219,34.512,39.3347,20.9213,23.108,618.56,1.68267,333.536,23.3893,31.2613,22.796
23.512,20.4667,206.176,209.952,34.264,38.5107,20.7593,23.2427,618.517,1.43933,280.981,23.0053,31.3973,22.7573
23.464,20,206.005,209.312,33.896,37.724,20.9207,23.2547,617.92,1.99933,226.517,22.7,31.4347,22.744
23.4067,20,205.227,209.184,33.7747,37.408,20.8227,23.0453,617.835,1.11867,175.819,22.3987,31.984,22.6787
23.3707,20,205.088,208.992,33.8653,37.064,20.742,22.488,617.28,1.08067,116.571,22.1107,33.012,22.672
23.296,20,205.835,208.715,33.8333,36.6827,20.6427,23.144,616.299,0.936667,26.3453,21.848,33.72,22.5813
23.2267,20,206.475,208.736,34.6253,36.5467,19.5227,23.1093,615.403,0.81,16.676,21.556,35.868,22.544
23.18,20,206.88,208.992,35.4467,36.9987,11.1153,21.5907,614.784,0.290667,4.67067,21.2853,37.7987,22.464
23.084,20,206.912,210.187,36.3387,37.716,11.1487,13.8827,527.829,0.47,-3.2,20.972,40.3587,22.3867
22.992,19.0667,207.755,210.229,37.304,38.4973,11.1153,12.5813,79.2933,0.173333,-3.70733,20.664,42.3147,22.3067
22.9053,19,208.352,211.179,37.936,39.2267,11.7033,13.3627,3.02467,0.036,-3.96933,20.3993,43.416,22.228
22.8307,19,208.107,210.933,38.3787,39.6053,11.034,12.94,0.826,0,-3.77333,20.1467,44.04,22.1253
22.7347,18.6,208.533,210.848,38.812,40.08,11.0507,13.2647,0.65,0,-3.904,19.8973,44.9147,22.0307
22.6467,19,208.672,212.021,39.1667,40.388,11.6867,13.1187,0.65,0,-3.77333,19.6527,45.3573,21.9493
22.5413,19,208.917,212.971,39.428,40.7107,11.3447,12.858,0.65,0.044,-3.83867,19.4153,45.7067,21.848
22.432,19,209.227,213.483,39.5333,40.9107,11.4093,13.1027,0.65,0.251333,-3.904,19.186,45.4667,21.7493
22.3293,19,210.517,214.443,39.484,41.024,11.4427,12.842,0.65,0.158,-3.57733,18.9307,44.8373,21.656
22.216,19,210.891,215.979,39.2827,41.0747,11.1653,13.0213,0.65,0.352667,-3.904,18.6193,43.2267,21.5293
22.104,19,211.659,215.456,38.8587,40.992,11.426,12.598,0.65,0.757333,-3.77333,18.318,41.6267,21.424
21.9733,19,212.437,216.437,38.3307,40.7707,11.4907,12.9393,0.65,0.45,-3.83867,18.0187,41.816,21.264
21.84,19,212.821,216.267,38.048,40.6307,11.524,13.0213,0.65,0.468667,-3.708,17.7347,41.5253,21.132
21.7053,19,213.056,215.925,37.7267,40.544,11.426,12.9393,0.65,0.626667,-3.96933,17.448,40.8093,21
21.5613,15.2667,212.075,215.243,37.484,40.272,11.426,12.696,0.65,0.170667,-3.77333,17.1753,40.5,20.8613
21.4453,12,211.84,214.635,37.5427,40.2987,11.5887,13.72,0.606667,0.44,-3.512,16.9267,39.7133,20.7493
21.304,11.4,210.677,214.251,37.4987,40.192,11.426,13.0213,0.65,0.263333,-3.44667,16.66,39.4307,20.6053
21.1533,11,210.987,213.131,36.5773,39.5987,11.5887,13.0213,0.65,0.124,-3.57733,16.444,39.5587,20.4513
21.0227,10.6,210.027,213.621,36.8107,39.404,11.5073,13.508,0.65,0,-3.38133,16.182,40.1533,20.3407
20.88,10.1333,210.208,212.928,37.1187,39.4307,11.426,13.6067,0.65,0,-3.57733,15.9493,41.0853,20.2173
20.7573,10,210.528,213.376,37.1267,39.3347,11.6053,13.184,0.65,0.272,-3.316,15.742,41.48,20.0653
20.6387,10,210.016,213.387,36.9107,39.3093,11.524,12.9387,0.65,0.294667,-3.38133,15.5887,40.9973,19.9633
20.5133,10,209.952,212.491,36.784,39.2813,11.6053,13.2653,0.65,0.116667,-3.512,15.454,40.5773,19.8393
20.38,9.66667,208.491,211.893,36.6893,39.2427,11.6867,12.8413,0.65,0.217333,-3.44667,15.3367,40.0093,19.74
20.246,9,208.32,211.147,36.6213,38.8853,11.3613,13.46,0.65,0.284667,-3.57733,15.24,39.8413,19.6113
20.1253,9,207.211,209.312,36.3707,38.9747,11.524,13.3467,0.65,0.202667,-3.25067,15.1193,39.7507,19.4753
20.002,9.73333,206.4,209.312,36.4347,38.6867,11.622,13.0213,0.65,0.282667,-3.64267,15.0067,39.56,19.3887
19.88,10,206.144,209.248,37.1067,38.724,11.5887,13.0213,0.65,0.129333,-3.12,14.8467,40.0253,19.29
19.7573,9.8,204.949,208.96,36.756,38.6373,11.426,13.0213,0.65,0.518,-3.44667,14.7233,40.0653,19.1533
19.6347,9,205.312,208.907,36.5293,38.5893,11.622,12.8587,0.65,0.158,-3.512,14.6247,39.9693,19.0653
19.5233,9,204.725,208.757,36.876,38.536,11.524,13.4433,0.65,0.122,-3.316,14.526,40.0253,18.944
19.3947,9,203.563,208.341,37.052,38.5,11.6867,13.1027,0.65,0.204667,-3.25067,14.42,40.176,18.8133
19.2787,8.86667,203.552,208.192,37.0467,38.3973,11.524,12.662,0.65,0.0573333,-3.316,14.3233,40.1427,18.74
19.1787,8.13333,202.816,207.808,37.4907,38.4973,11.6053,13.5093,0.65,0,-3.316,14.2333,40.2333,18.632
19.05,8,202.304,207.957,37.984,38.5333,11.866,13.184,0.65,0,-3.316,14.0873,40.604,18.524
18.936,8,203.157,208.171,38.2573,38.6,11.6053,12.7773,0.65,0,-3.44667,13.8993,41.6347,18.4267
18.8333,8,202.901,208.64,38.2973,38.708,11.5073,13.1027,0.65,0,-3.25067,13.7253,42.096,18.3153
18.7053,8,203.573,208.779,38.328,38.7627,11.7033,13.3467,0.65,0,-3.38133,13.574,42.3627,18.182
18.6073,8,204.523,209.024,38.2133,38.7853,11.4427,13.428,0.65,0,-3.316,13.4567,42.3013,18.0667
18.5047,8,203.509,208.427,38.3373,38.8427,11.5887,12.94,0.65,0,-3.316,13.348,42.2347,17.9667
18.3767,7.86667,203.957,208.48,38.2587,38.884,11.6053,13.5733,0.65,0,-3.316,13.25,42.2587,17.856
18.27,7,204.277,209.024,38.3227,38.912,11.6053,13.3467,0.65,0.0493333,-3.18533,13.1513,42.2133,17.7247
18.136,7,203.456,208.213,38.6813,38.9613,11.7033,13.3467,0.65,0.036,-3.316,13.042,42.9467,17.59
18.0247,7,204.309,208.907,38.6307,38.9667,11.524,13.3467,1.046,0,-3.316,12.892,43.7893,17.5087
17.8973,7,205.387,209.6,38.6747,39.036,11.7513,13.672,14.7513,0,-3.316,12.7327,44.5893,17.4167
17.792,7,206.304,210.443,38.732,39.116,11.622,13.428,283.253,0,-2.964,12.6113,45.3013,17.3013
17.674,7,208.203,213.109,38.7,39.1493,11.524,15.0373,611.797,0,2.04267,12.4827,45.4453,17.1773
17.562,7,208.779,213.653,38.672,39.204,16.7593,23.2427,612.139,0.036,18.406,12.38,45.7867,17.0753
17.472,7,209.536,214.496,38.648,39.248,21.1487,23.44,613.419,0,56.1973,12.2667,46.24,16.9467
17.384,7,210.379,216.032,38.6013,39.236,21.328,23.44,615.168,0,96.5787,12.2767,45.9227,16.8573
17.3167,7.53333,210.592,216,38.396,39.2,21.0667,23.44,616.555,0.171333,142,12.3833,45.472,16.7687
17.2833,8,211.029,216.053,38.252,39.1267,20.986,23.6027,617.621,0,189.963,12.5627,44.968,16.7553
17.2593,8,211.104,216.331,38.16,39,21.084,26.2307,618.304,0.594,240.309,12.8427,44.08,16.7433
17.262,9.86667,211.136,215.712,38.0093,38.86,21.3273,35.24,619.669,0,293.525,13.2287,43.616,16.7267
17.31,10,211.765,215.285,37.8307,38.6627,21.0673,44.9733,620.523,0.142667,342.795,13.7113,43.528,16.7367
17.3547,10,212.683,214.933,37.6213,38.4547,30.068,53.0853,621.376,0.334667,392.213,14.244,43.9973,16.8173
17.454,11.8667,211.851,214.219,37.4587,38.1733,31.208,79.4507,621.76,0.936667,441.856,14.8547,43.8507,16.942
17.5773,13.8667,212.587,214.709,37.2947,37.9413,40.8333,84.928,622.4,0.970667,489.301,15.5147,43.3707,17.0927
17.752,14,211.477,214.293,37.0907,37.6667,41.4973,111.339,622.784,1.38,534.379,16.2293,42.6187,17.306
17.968,16.2,211.179,213.387,36.9453,37.384,45.8987,112.475,623.04,1.27133,579.371,17.0047,41.9707,17.5433
18.2227,17.2,210.635,213.227,36.8427,37.14,51.736,113.179,623.808,0.774667,616.981,17.812,41.1653,17.818
18.4813,19,210.016,212.565,36.696,36.9493,51.5573,113.243,624.32,0.972667,652.8,18.6393,40.5707,18.1313
18.7493,19.6667,209.824,212.32,36.7307,36.8013,51.736,134.629,623.979,1.578,685.568,19.4273,40.3173,18.444
19.0393,21,209.76,211.883,36.6827,36.6933,55.2427,142.405,623.765,1.87,718.507,20.1127,39.5093,18.8133
19.368,21.3333,209.685,211.595,36.5467,36.5467,81.5813,142.56,624.533,1.9,746.027,20.7733,38.3933,19.174
19.7013,22,209.728,211.509,36.4933,36.36,81.5627,141.904,624.789,2.07067,771.797,21.4267,37.228,19.5407
20.0213,22.1333,209.728,212.149,36.4453,36.2747,81.8213,142.48,623.851,1.52267,785.536,22.0747,36.7307,19.888
20.354,22.8,209.845,211.819,36.2733,36.12,81.1013,143.168,624.235,1.734,808.448,22.7133,36.2987,20.2947
20.6787,23.1333,210.133,211.691,36.3907,36.0627,81.1627,142.4,624.192,1.54933,820.651,23.348,35.3107,20.652
21.056,23.8667,211.019,214.272,36.3373,35.4853,81.3227,142.32,623.723,2.05733,831.445,23.9427,34.8067,21.0427
21.428,24.6667,213.472,220.341,36.5293,35.56,81.5813,143.024,623.595,2.47333,829.269,24.4907,34.464,21.444
21.736,25,214.347,218.933,36.5667,35.6347,80.944,142.4,623.552,2.39667,830.848,25.0467,33.9347,21.7333
22.0507,25,215.029,217.6,36.6933,35.7507,80.8613,134.555,623.424,2.146,833.963,25.5333,33.5413,22.0453
22.3613,25,215.083,217.291,36.8813,35.784,80.9227,118.069,623.296,2.91333,823.253,26.024,33.0533,22.3733
22.6827,25,214.709,216.757,36.892,35.6907,81.1813,113.099,623.04,3.07667,817.621,26.548,32.78,22.6507
22.9733,25,214.699,217.024,37.1933,35.796,80.7627,112.411,623.04,2.11533,803.243,27.076,32.0707,22.9147
23.2707,25,214.581,215.68,37.3667,35.896,81.0027,112.325,622.912,2.62,782.165,27.576,31.4453,23.1747
23.5427,25,214.517,214.635,37.5547,35.8093,50.7307,95.088,622.4,2.534,757.931,27.9827,31.2787,23.436
23.8307,25,213.909,214.667,37.384,35.6973,50.992,82.2453,622.4,2.69333,733.269,28.324,31.312,23.6653
24.0853,25,213.6,213.451,37.248,35.648,50.9093,82.5973,622.315,2.536,705.92,28.6653,31.1507,23.88
24.3333,25,213.685,214.379,37.4507,35.6987,50.976,60.9707,621.76,2.51067,675.669,28.936,31.0947,24.0613
24.5693,25,213.973,213.28,37.7133,35.74,48.556,52.704,621.76,2.91533,643.093,29.128,30.68,24.2493
24.776,25.1333,213.888,213.333,37.4787,35.524,41.516,45.848,621.163,2.928,599.637,29.156,29.7387,24.4027
24.9787,26,211.2,212.416,35.3933,35.3293,33.372,33.176,620.821,2.43267,499.2,29.124,29.508,24.5267
25.1347,25.8667,210.955,212.736,34.42,35.1667,37.0453,31.7947,620.48,2.82067,519.083,28.9947,29.1347,24.6293
25.2653,25,211.221,213.376,34.3773,34.9653,31.1427,30.9,620.437,2.838,483.051,28.8427,28.108,24.7373
25.392,25,210.667,212.117,34.36,34.6653,22.2227,23.0453,620.267,3.49067,436.651,28.58,26.408,24.8013
25.4693,25,209.088,212.075,32.5533,34.3147,20.9387,22.7667,619.84,2.77733,367.776,28.192,26.1747,24.8747
25.5147,25,208.512,211.851,32.0667,33.92,20.5787,23.208,619.456,2.85467,259.712,27.7693,25.5173,24.912
25.54,25,207.744,211.616,31.5093,33.5707,20.742,22.668,618.816,2.146,221.013,27.3813,25.784,24.944
25.528,24.2667,207.445,212.352,31.012,33.0467,20.742,23.4053,618.645,2.338,172.811,26.9933,25.984,24.944
25.5107,24,207.861,212.832,30.832,32.752,20.822,22.7493,618.091,2.192,116.283,26.6387,26.4973,24.944
25.4867,24,207.627,212.181,30.752,32.024,20.6607,22.732,617.408,1.36467,66.2107,26.3027,27.0773,24.896
25.432,24,207.787,212.117,31.0333,32.1293,20.8233,22.784,617.152,0.42,36.4627,25.9133,27.7587,24.88
25.3613,24,207.552,211.68,31.5013,32.3027,16.7573,22.9293,616.64,0.0773333,19.4607,25.5333,28.26,24.8267
25.3,23.4667,207.264,211.413,31.916,32.5027,11.2133,19.124,616.341,0,4.65867,25.164,28.3813,24.7947
25.2173,23,207.733,212.075,32.0867,32.836,10.74,12.9233,407.552,0,-3.76067,24.816,28.3707,24.724
25.1427,22.4667,208.416,212.224,32.2187,33.2187,10.7567,12.76,55.4587,0,-4.03467,24.4427,28.4253,24.6507
25.072,22,208.821,212.277,32.436,33.3707,11.132,12.858,2.71667,0,-4.03467,24.0693,28.9533,24.5893
24.992,21.2667,209.408,212.843,32.5773,33.6547,11.1153,12.842,0.782,0,-4.034,23.716,29.0027,24.4973
24.916,20.4667,209.504,214.336,32.648,33.8667,10.7567,12.94,0.65,0,-4.1,23.4213,29.2493,24.4187
24.8373,20,211.317,216.928,32.636,34.0587,11.0173,13.2,0.65,0.354,-3.96933,23.1293,30.6427,24.3493
24.76,20,211.488,219.488,32.6533,34.3067,11.1487,12.158,0.65,0.810667,-4.03467,22.848,31.1933,24.2613
24.6493,20,212.203,220.928,32.6547,34.32,11.0173,12.6953,0.65,0.754667,-3.904,22.5427,31.6333,24.1493
24.56,20,212.864,219.701,32.7973,34.348,11.034,12.9387,0.65,0.532,-3.96867,22.2693,31.8773,24.0387
24.4853,17.2,212.736,219.179,32.972,34.5013,11.132,12.858,0.65,0.894667,-4.03467,21.9907,32.6133,23.9307
24.38,17,213.653,221.067,33.0373,34.6173,11.2467,13.118,0.65,0.472,-3.77333,21.7507,33.2547,23.8213
24.2813,16.4667,213.824,220.789,33.244,34.7333,11.3113,12.8747,0.694,0.56,-3.77333,21.4787,33.6027,23.6973
24.1707,16,214.144,220.256,32.9427,34.3307,11.23,13.6227,0.65,0,-3.96933,21.2187,33.5493,23.572
24.0587,16,215.189,222.005,33.0307,34.36,11.3113,12.7773,0.65,0,-3.838,20.9587,33.7533,23.4733
23.9547,16,215.307,221.259,33.0867,34.428,11.3113,13.1187,0.65,0,-3.77333,20.688,33.884,23.364
23.8613,15.0667,214.891,220.885,33.42,34.4667,11.4907,12.6787,0.65,0.052,-3.96933,20.454,34.6653,23.2853
23.74,15,215.115,222.485,33.6427,34.5653,11.3447,12.8587,0.65,0,-4.03467,20.2007,35.1987,23.1627
23.6227,14.0667,216.331,224.139,33.6507,34.7547,11.034,13.1187,0.65,0.036,-3.77333,19.9473,35.556,23.056
23.5173,14,215.52,222.432,33.844,34.776,11.524,13.0207,0.65,0.0493333,-3.57733,19.7567,35.5667,22.9587
23.4027,14,215.435,223.189,34.0933,34.8507,11.4907,13.0213,0.65,0,-3.64267,19.544,36.1333,22.8333
23.308,14.3333,215.499,222.293,34.212,34.98,11.5073,12.662,0.65,0,-3.708,19.3247,36.2187,22.748
23.1947,15,214.336,220.853,34.4707,35.0707,11.524,13.2,0.694,0,-3.90333,19.1187,36.5773,22.6173
23.0773,15,214.731,220.789,34.4787,35.0907,11.5887,12.7767,0.65,0.0493333,-3.64267,18.8967,36.9747,22.5213
22.9613,15,213.579,219.307,34.708,35.2133,11.4093,12.8587,0.65,0,-3.64267,18.666,37.408,22.38
22.8347,15,213.355,219.883,34.7627,35.296,11.1653,13.0207,0.65,0,-3.708,18.4427,37.544,22.2907
22.7187,14.2667,213.248,219.413,35.004,35.2933,11.2947,12.94,0.65,0.228667,-3.64267,18.2553,37.8173,22.1493
22.5787,14,212.597,218.048,34.8707,35.3907,11.5073,13.1667,0.65,0.07,-3.708,18.0553,37.82,22.056
22.4573,13.7333,212.139,218.112,35.1493,35.42,11.2467,13.0213,0.65,0.250667,-3.64267,17.8667,38.2147,21.9253
22.32,13.2,211.979,217.525,35.0653,35.504,11.524,12.858,0.65,0.293333,-3.57733,17.6107,38.6,21.7973
22.184,13,210.955,216.619,35.244,35.576,11.524,13.0213,0.65,0.261333,-3.904,17.4287,39.2067,21.6453
22.0653,13,210.475,216.619,35.204,35.6107,11.426,13.0373,0.65,0.485333,-3.38133,17.2487,39.3587,21.5373
21.916,13,209.952,216.064,35.052,35.6373,11.7847,13.1187,0.65,0.315333,-3.57733,17.0773,39.3947,21.3987
21.8053,12.7333,210.4,215.125,35.1253,35.6773,11.2633,12.8747,0.65,0.118667,-3.512,16.966,38.7893,21.292
21.6867,12,208.96,214.517,35.1147,35.6707,11.7847,13.1027,0.694,0,-3.44667,16.88,38.4107,21.1627
21.56,12,208,212.907,35.2467,35.6453,11.4427,12.94,0.65,0,-3.57733,16.7873,38.5307,21.056
21.4347,11.2667,207.467,213.205,35.332,35.64,11.426,13.54,0.65,0,-3.708,16.632,38.912,20.9547
21.304,11,206.997,212.64,35.4347,35.656,11.6053,13.0213,0.65,0,-3.38133,16.5,39.3627,20.852
21.1867,11,206.709,212.341,35.5,35.68,11.6053,12.7607,0.65,0,-3.64267,16.34,39.9493,20.7307
21.0693,11,207.349,213.899,35.4427,35.7827,11.5887,13.7853,0.65,0.233333,-3.44667,16.1653,40.1267,20.624
20.92,10.0667,207.093,213.568,35.4493,35.86,11.6053,13.3467,0.65,0.455333,-3.57733,15.9867,40.572,20.4853
20.7973,10,207.776,213.643,35.5147,35.936,11.3613,12.842,0.65,0,-3.57733,15.8407,40.7053,20.388
20.6973,11.8667,207.691,213.909,35.576,35.96,11.6867,13.2473,0.65,0,-3.64267,15.7133,41.6107,20.2633
20.5653,12,208.309,214.144,35.544,35.996,11.524,13.1027,0.65,0.036,-3.44667,15.564,41.76,20.1227
20.4733,11.4667,208.48,214.357,35.5253,36.04,11.5887,13.1027,1.486,0,-3.708,15.4713,41.1627,19.9987
20.3527,10.2667,207.755,213.728,35.488,36.08,11.6053,12.8587,19.4047,0,-3.512,15.3867,40.9187,19.9113
20.2347,10,208.32,213.675,35.46,36.1253,11.524,14.24,465.816,0,-1.83133,15.312,40.8387,19.7933
20.136,10.1333,208.096,215.125,35.384,36.1333,11.524,16.684,613.12,0,5.908,15.2467,40.5027,19.686
20.0267,11,207.531,214.24,35.324,36.12,18.4173,22.964,613.632,0,27.96,15.1933,40.3747,19.59
19.9367,11.3333,207.84,214.112,35.252,36.088,20.6433,24.268,615.253,0,83.136,15.1793,40.324,19.508
19.8533,12,207.851,213.707,35.24,36.056,20.84,23.5213,616.64,0,99.5573,15.19,40.9,19.44
19.7747,12,208.021,214.229,35.2133,36.044,21.0033,23.44,617.323,0,154.155,15.284,40.5973,19.36
19.7373,12,207.723,214.283,35.156,35.9813,21.1487,28.2627,618.816,0,229.44,15.4373,40.1653,19.34
19.7207,12,207.915,214.261,35.048,35.892,21.084,32.6547,619.925,0.2,271.168,15.7033,39.2213,19.304
19.7433,12.4667,208.064,214.187,35.012,35.7573,20.904,33.3547,620.48,0.153333,258.827,16.026,38.6587,19.28
19.76,13.9333,208.277,213.536,35.0213,35.6213,21.0667,41.396,620.267,0.554,290.005,16.3293,38.444,19.328
19.8247,15,208.213,211.424,34.9253,35.4493,30.5893,63.2533,621.461,0.320667,396.736,16.6507,38.1693,19.3827
19.9073,15.5333,208.523,212.075,34.7907,35.2627,32.508,82.832,622.357,0.625333,442.965,17.1553,38.1493,19.4907
20.0367,16,208.139,212.117,34.7653,35.056,41.516,86.08,622.101,1.464,480.533,17.7287,38.724,19.64
20.1653,16.6667,208.448,211.979,34.8227,34.8533,42.7373,112.581,622.571,0.602,537.6,18.236,38.7853,19.7867
20.338,18,208.437,212.288,34.7693,34.6427,48.7653,112.571,623.339,0.544667,575.488,18.7393,38.676,19.9727
20.544,18,208.544,212.661,34.708,34.46,51.5013,114.128,623.211,1.29333,609.323,19.276,38.4733,20.216
20.7507,18.7333,208.683,212.885,34.6013,34.2867,51.24,125.664,623.637,1.4,668.672,19.816,38.0707,20.482
20.984,19,208.971,212.747,34.5547,34.192,51.504,116.752,623.637,1.26267,656.341,20.376,37.5387,20.7227
21.2213,20.4667,208.843,213.568,34.5613,34.14,45.7013,102.992,622.656,1.204,551.403,20.8707,36.96,20.9667
21.4533,21,209.579,213.547,34.48,34.116,51.224,112.645,622.699,1.15867,652.8,21.3227,36.6867,21.196
21.712,21,210.069,213.888,34.4427,34.1,45.7187,105.488,622.613,1.616,587.371,21.8373,36.2547,21.4693
21.944,21.5333,209.76,213.557,34.4413,34.076,61.248,123.92,622.656,0.808,688.448,22.3187,35.9093,21.744
22.1933,22,210.421,213.643,34.6507,34.0267,77.424,140.107,623.68,1.164,778.155,22.8173,35.6787,22.0347
22.488,22.7333,211.2,213.344,34.7773,33.92,82.8267,141.296,624.533,1.786,874.539,23.3653,34.8133,22.3453
22.7773,23,211.627,213.355,34.944,33.9173,73.5173,128.187,623.509,2.19867,745.045,23.9013,34.2093,22.62
22.9893,23,212.224,213.088,35.3133,33.9013,39.6867,76.9653,621.803,2.312,490.24,24.232,33.5853,22.832
23.1693,23,211.264,211.808,35.5627,33.7693,31.9067,55.1013,620.181,3.17667,425.472,24.3547,33.596,23.02
23.3147,23,211.755,211.936,35.9653,33.9827,35.6973,66.408,619.755,2.38067,460.757,24.204,34.8453,23.184
23.4813,23.7333,210.891,211.829,36.244,34.2587,42.3347,89.6,620.011,2.16933,520.768,24.1747,35.0507,23.3333
23.628,24,211.029,211.648,36.3387,34.3893,27.7407,55.12,619.584,2.17133,381.739,24.164,34.896,23.436
23.724,23.4667,210.112,210.667,36.36,34.5053,20.644,46.4853,619.072,1.76933,318.773,24.068,34.5467,23.54
23.8,23,208.363,210.677,35.7573,34.3373,20.8233,43.7147,618.475,2.196,285.984,23.9333,34.4387,23.584
23.852,23,208.213,210.539,35.96,34.4973,20.724,42.96,617.92,2.17733,252.192,23.7027,35.484,23.588
23.912,22.8667,207.691,210.133,35.5973,34.6613,20.9047,42.368,617.92,1.68867,273.376,23.464,37.416,23.64
23.9667,22,207.712,210.731,35.7493,34.928,20.8407,45.456,617.92,1.72067,304.501,23.3107,38.8747,23.692
24.008,21.6667,207.68,210.976,36.0973,35.0173,20.7427,42.96,617.92,2.23533,286.101,23.236,39.764,23.696
24.0347,21,206.432,211.029,36.5107,35.2453,20.84,42.96,617.792,1.942,261.312,23.1013,40.62,23.7187
24.0613,21,206.037,210.699,36.6787,35.4947,21.0827,42.9387,617.792,0.922,255.872,22.9627,40.0693,23.74
24.0773,21,205.941,210.368,36.5333,35.6053,20.922,42.96,617.92,1.374,244.512,22.8653,37.776,23.7267
24.0987,20.7333,205.323,208.992,36.2547,35.6107,20.9207,32.9653,617.536,1.74067,193.739,22.7573,37.5987,23.74
24.0827,19,205.269,209.248,36.1653,35.624,20.6433,29.16,617.28,1.57067,168.789,22.652,39.604,23.74
24.0747,19,203.84,209.056,36.4933,35.76,20.742,22.9467,616.853,0.951333,135.141,22.536,39.8213,23.6947
24.0467,19,204.256,208.725,36.4787,35.9507,20.7253,23.404,616.683,1.216,120.528,22.3853,40.0787,23.672
24.032,19,204.363,208.288,36.6733,36.0973,20.6433,23.0627,616.64,1.37133,92.3253,22.2547,40.72,23.6
23.9787,19,203.84,208.064,36.872,36.18,21.0193,23.2893,616.64,0.56,74.288,22.1067,40.9187,23.564
23.9373,19,203.467,208.992,36.7787,36.316,20.8227,23.2427,616.341,0.510667,70.5387,21.952,40.06,23.508
23.9,19,202.741,208.448,36.4813,36.384,20.7427,23.1267,616.213,0.194,54.816,21.78,39.5973,23.464
23.8453,18.8667,202.891,207.637,36.516,36.408,20.9207,23.2427,616,0.455333,37.752,21.6507,40.3653,23.38
23.7853,18,202.379,207.616,36.624,36.4747,20.464,22.7027,616,0.854667,30.28,21.5307,40.528,23.332
23.736,18,202.325,207.68,36.7027,36.5613,15.0993,23.1613,615.573,0.29,18.2627,21.3787,41.1027,23.2667
23.648,18,202.336,208.32,36.8747,36.6827,11.2467,14.9907,615.36,0.16,4.86533,21.22,41.4667,23.2
23.5893,18,202.507,208.544,37.0053,36.7507,11.3113,12.94,598.101,0.394667,-2.49667,21.0013,41.984,23.124
23.508,18,202.869,208.715,37.128,36.8813,11.328,13.0207,133.224,0.0386667,-3.904,20.8227,42.3173,23.052
23.4173,18,202.656,208.331,37.208,36.948,11.5887,12.696,4.60667,0.096,-3.77333,20.6387,42.448,22.9587
23.364,18,203.104,209.216,37.2747,36.984,11.0507,13.1027,0.738,0.0573333,-3.83867,20.4533,42.9227,22.8747
23.276,18,203.477,209.184,37.416,37.0827,11.7033,13.102,0.65,0.036,-3.904,20.2507,43.4933,22.7987
23.2053,18,202.933,209.408,37.528,37.1853,11.132,13.184,0.65,0,-3.77333,20.028,43.8773,22.7067
23.1173,17.8667,204.053,209.408,37.5107,37.228,11.1487,12.8587,0.65,0,-3.64267,19.8233,44.08,22.616
23.0107,17,203.616,209.824,37.444,37.224,11.4427,12.8573,0.65,0.720667,-3.64267,19.6273,44.5307,22.5373
22.9213,15.5333,204.235,210.784,37.5973,37.392,11.328,13.1993,0.65,0.21,-3.64267,19.452,45.184,22.4133
22.832,15,205.141,210.816,37.644,37.42,11.6053,13.118,0.65,0.136667,-3.57733,19.2647,46.1787,22.3307
22.7133,14.4667,205.536,211.061,37.7907,37.56,11.7033,13.72,0.65,0.044,-3.83867,19.09,46.7467,22.244
22.62,14,205.419,211.072,37.8053,37.7147,11.524,12.8587,0.65,0,-3.77333,18.9027,46.7227,22.1267
22.508,14,204.821,211.019,37.7147,37.792,11.5887,13.2487,0.65,0,-3.512,18.6867,46.6027,22.036
22.4053,13.2667,206.101,213.397,37.5387,37.7653,11.426,12.696,0.65,0.036,-3.708,18.4707,45.928,21.928
22.2853,13,206.272,214.165,37.1227,37.6427,11.2467,12.76,0.65,0.279333,-3.64267,18.2487,44.5947,21.8027
22.1667,13,207.691,214.037,36.98,37.716,11.5887,12.5167,0.65,0,-3.64267,18.0333,44.144,21.688
22.0573,13,208.491,215.093,36.7787,37.668,11.3613,13.2653,0.65,0,-3.64267,17.778,44.2027,21.5467
21.9373,13,209.067,215.968,36.696,37.5573,11.524,12.5167,0.65,0.036,-3.708,17.532,44.7787,21.4467
21.832,12.7333,210.965,215.979,36.588,37.492,11.622,13.2,0.87,0,-3.64267,17.3247,43.9573,21.32
21.72,12,211.179,216.405,36.432,37.472,11.5887,13.2653,0.65,0,-3.38133,17.1193,44.4133,21.1773
21.576,12,211.083,219.189,36.3707,37.496,11.6867,13.5573,0.65,0,-3.83867,16.8487,45.7093,21.0853
21.4413,12,213.6,223.285,36.4107,37.5613,11.1653,13.184,0.65,0,-3.44667,16.522,46.464,20.9307
21.3093,12,214.261,222.037,36.38,37.616,11.5073,12.6793,0.65,0,-3.44667,16.2933,46.2027,20.836
21.1667,11,214.891,220.48,36.2347,37.584,11.2467,13.6227,0.65,0.257333,-3.57733,16.1753,45.7893,20.7107
21.0347,11,214.187,219.221,36.132,37.556,11.524,12.94,0.65,0,-3.708,16.0633,45.44,20.576
20.8773,11,213.291,219.083,35.8773,37.4347,11.6053,13.1027,0.65,1.10867,-3.316,15.9393,46.2693,20.4273
20.736,11,212.939,217.845,35.892,37.456,11.7033,12.4353,0.65,0.66,-3.57733,15.7533,45.1253,20.2947
20.616,11,211.957,216.469,35.8413,37.476,11.3447,13.2813,0.65,0.643333,-3.44667,15.5247,45.232,20.136
20.498,10.6667,211.136,216.139,35.8453,37.52,11.8827,13.2653,0.694,0.656,-3.44667,15.2333,46.3013,19.9847
20.3627,10,210.016,215.424,35.764,37.5693,11.524,12.646,0.65,0.108667,-3.512,14.9847,47.176,19.8893
20.2353,10,210.581,216.352,35.748,37.6,11.6053,13.444,0.65,0,-3.316,14.816,47.232,19.7667
20.0933,10,209.707,214.613,35.724,37.604,11.426,13.2653,0.65,0.036,-3.316,14.7493,46.3973,19.5967
19.972,9.4,209.621,213.024,35.608,37.5987,11.6867,12.7773,0.65,0.440667,-3.25067,14.7033,46.4667,19.498
19.8267,9,208.853,213.963,35.5453,37.56,11.5887,14.0613,0.65,0.704667,-3.316,14.5767,47.3253,19.3853
19.698,9.13333,208.459,213.589,35.528,37.5893,11.7033,13.3467,0.65,0.422,-3.38133,14.4067,47.4453,19.2473
19.5833,9.73333,208.299,212.736,35.532,37.5987,11.4427,12.9233,0.65,0.16,-3.44667,14.3053,47.2827,19.12
19.4593,10,207.307,211.904,35.5653,37.66,11.7847,13.8827,0.65,0.119333,-3.25067,14.17,47.3387,19
19.3427,10,206.827,211.765,35.544,37.6947,11.3613,13.184,0.65,0,-3.25067,14.0867,47.1733,18.8587
19.242,10,206.891,211.637,35.4707,37.712,11.7033,13.2653,0.65,0.0673333,-3.512,14.0113,47.368,18.7853
19.1147,10,206.304,212.043,35.4493,37.7253,11.6867,12.76,0.65,0,-3.25067,13.9533,46.976,18.68
18.9913,9.53333,206.037,211.221,35.3533,37.72,11.6053,13.5093,0.65,0.150667,-3.25067,13.7927,48.3573,18.54
18.89,9,206.731,213.269,35.4027,37.744,11.6053,12.9067,0.65,0.0413333,-3.25067,13.5907,48.904,18.4647
18.7667,9,206.805,213.771,35.428,37.796,11.7033,12.696,0.65,0,-3.25067,13.506,48.5387,18.3447
18.6647,9.93333,207.712,212.779,35.3467,37.82,11.6053,13.3467,1.53,0,-3.18533,13.4333,48.6133,18.236
18.5607,10,208.171,215.275,35.3467,37.864,11.7033,13.3467,21.866,0,-3.25067,13.3493,48.784,18.12
18.4573,10,208.405,214.219,35.348,37.888,11.6053,13.5093,389.792,0,-2.404,13.28,48.6107,17.9953
18.3393,10,209.035,213.739,35.3413,37.8987,11.524,18.3433,612.48,0,5.54267,13.2167,48.584,17.9227
18.238,9.06667,208.917,214.763,35.276,37.8933,19.2793,23.3413,613.077,0,34.014,13.144,49.1387,17.8213
18.1567,9,208.48,215.189,35.2987,37.896,20.986,23.44,614.912,0.036,78.976,13.11,49.232,17.7467
18.0727,9,209.344,215.563,35.3347,37.86,21.1653,23.44,616.341,0.036,101.592,13.1813,48.76,17.6487
17.99,9.26667,209.963,215.104,35.252,37.7827,21.166,23.44,616.341,0.414,130.819,13.322,47.848,17.6033
17.9527,10,209.867,215.296,35.2267,37.6907,21.4087,23.96,618.219,0.754,219.285,13.4867,48.256,17.542
17.9313,10,209.611,214.293,35.416,37.688,21.0653,32.8493,619.328,0.0673333,265.109,13.7147,47.472,17.524
17.9733,10.8,209.536,213.472,35.436,37.4773,20.9047,41.64,620.309,0.568,314.059,14.024,46.6507,17.5
18.01,11,209.536,211.829,35.5133,37.3093,24.4693,49.8667,620.736,0.828,362.709,14.386,45.7707,17.5307
18.0873,11.7333,208.48,210.069,35.552,37.096,31.224,65.2507,621.248,0.684,411.456,14.7747,45.08,17.6
18.204,13.0667,208.576,210.283,35.724,36.8787,35.24,83.6107,622.101,0.236,459.776,15.2407,44.6773,17.7173
18.346,14,208.203,210.176,35.844,36.7093,41.3373,100.992,623.04,0.0573333,503.744,15.792,44.5067,17.8407
18.4893,15.8667,208.277,210.389,35.4653,36.4453,42.2173,113.051,622.912,1.19733,547.84,16.3973,44.16,18.0387
18.6927,16,208.139,211.36,35.368,36.268,51.472,112.923,622.571,1.82533,592.469,16.9773,43.7787,18.2347
18.8993,16.2667,208.821,211.328,35.344,36.136,51.6667,114.795,621.888,2.07867,632.363,17.5573,44.0773,18.494
19.1253,18,208.789,210.635,35.3667,35.9813,51.408,141.995,622.144,1.94467,670.784,18.0627,44.2907,18.752
19.364,18,209.536,210.485,35.46,35.9627,51.392,141.643,622.4,1.852,704.768,18.4133,44.3653,19.008
19.6007,18,209.984,210.699,35.4907,36.0227,79.5013,141.573,622.4,1.85067,733.995,18.8693,44.568,19.2947
19.8793,18.7333,209.952,211.712,35.5387,36.1,81.504,142.48,622.4,2.008,760.149,19.3433,44.4933,19.5393
20.132,19,210.176,210.453,35.6853,36.1427,81.344,143.168,622.4,2.12467,786.389,19.744,44.0613,19.8473
20.386,19,210.368,210.027,35.7693,36.2613,81.4827,141.845,622.443,2.03067,806.272,20.1767,43.904,20.136
20.652,19,209.653,209.6,35.8653,36.396,81.504,142.32,622.4,2.48133,819.968,20.668,44.3173,20.426
20.9027,19.3333,210.357,209.664,35.9853,36.6133,81.0213,142.64,622.016,2.57933,831.189,21.1733,45.216,20.7213
21.1853,20,209.803,209.824,36.1027,36.856,81.3227,143.568,621.76,2.286,841.387,21.5867,45.592,21.0027
21.4533,20,210.251,210.464,36.212,37.0453,80.9227,141.931,621.76,2.89733,846.635,21.9347,45.5173,21.2893
21.7173,20,210.592,210.112,36.32,37.36,81.28,142.32,621.717,2.534,847.829,22.2227,45.1253,21.544
21.9627,20,210.283,210.421,36.4093,37.712,81.104,142.32,621.547,2.91333,844.032,22.5587,45.272,21.7827
22.1787,21.4667,210.72,209.899,36.536,37.9253,81.104,134.112,621.419,2.41467,839.637,22.7933,44.744,22.0213
22.4333,20.9333,210.443,209.867,36.6347,38.1293,80.9413,112.411,621.589,2.276,829.056,23.1293,43.7627,22.2307
22.6347,20,210.421,209.696,36.7373,38.2867,81.2613,112.581,621.248,2.974,814.379,23.5333,43.2747,22.404
22.8507,20,209.984,209.248,36.9173,38.424,80.9413,111.861,621.12,2.83267,795.989,23.748,42.3893,22.584
23.056,20,210.251,209.6,37.1147,38.6,75.016,106.587,620.565,2.782,775.936,23.9747,42,22.756
23.256,20,209.803,209.824,37.3507,38.6987,50.9813,82.96,620.523,2.742,749.653,24.0667,41.8347,22.8733
23.42,20.4667,209.792,209.088,37.6147,38.8507,51.0613,82.88,620.395,2.71133,722.304,24.268,41.768,22.976
23.5947,20.9333,209.867,209.643,37.9267,39.0387,51.0613,66.408,620.053,2.91133,688.555,24.3893,41.72,23.1213
23.748,20.0667,210.091,209.696,38.3093,39.1893,51.1707,53.416,619.84,2.47867,652.757,24.4107,42.0107,23.236
23.9027,20.7333,209.813,209.216,38.756,39.2947,45.6547,48.3893,619.712,3.352,617.259,24.3307,43.1467,23.2733
24.0373,21,210.069,208.96,39.1013,39.524,39.3533,37.7173,619.2,2.67733,523.243,24.1667,44.0107,23.328
24.152,20.3333,209.067,208.533,39.48,39.7427,38.6867,34.1213,619.029,2.35,499.307,23.98,44.3147,23.348
24.224,19,208.117,208.768,39.9187,40.0013,21.344,25.988,618.432,2.772,355.2,23.7227,44.9173,23.396
24.2533,19,207.435,209.12,40.3853,40.2573,20.824,25.7467,617.963,2.376,310.507,23.3533,46.7627,23.392
24.272,19,206.709,208.544,40.956,40.3653,20.8227,30.0053,617.92,2.15933,349.877,22.936,48.3067,23.408
24.284,19,206.08,208.832,41.4613,40.6627,20.9213,34.2507,618.347,2.524,422.101,22.6347,49.3227,23.4
24.2733,19,205.664,208.885,41.568,40.9227,20.644,31.2893,618.56,2.45267,362.859,22.384,49.0107,23.416
24.2507,19,204.789,208.352,41.6667,41.2067,20.742,23.2253,618.005,1.85467,216.219,22.1213,49.1547,23.388
24.1973,18.4667,203.989,207.989,41.7973,41.648,20.9033,22.5867,616.939,1.328,106.677,21.8907,49.7787,23.34
24.152,18,202.965,208.203,42.1173,41.9733,20.7413,23.4053,616.512,1.43867,98.72,21.708,50.456,23.3133
24.0933,18,202.624,207.787,42.3413,42.1147,20.8233,23.0453,616,1.276,58.988,21.54,50.592,23.2733
24.016,18,203.253,208.171,41.992,42.384,18.8227,22.964,615.616,0.752,23.3547,21.312,49.0933,23.208
23.944,18,202.741,208.693,41.7733,42.384,11.328,20.604,615.232,0.996667,6.53267,21.0707,49.4107,23.1307
23.856,18,202.656,208.053,42.208,42.4693,11.3447,12.9233,569.067,0.94,-2.73067,20.8013,52.144,23.072
23.7467,18,202.72,208.128,43.104,42.8987,10.9693,13.1187,92.16,1.00133,-3.96933,20.6013,54.816,22.98
23.636,18,203.125,208.811,44.048,43.336,11.3447,13.1993,3.64,1.338,-3.83867,20.4033,56.688,22.9
23.5293,17.2667,202.731,208.555,44.6187,43.4933,11.2133,12.858,0.87,0.782667,-3.904,20.204,59.2293,22.8213
23.4227,16.4667,202.784,208.619,45.3733,43.8027,11.1153,13.0213,0.694,0.706,-3.77333,20.0207,60.8187,22.728
23.3347,16,203.04,208.992,45.5627,43.9093,11.2467,13.0213,0.738,0.962,-3.96933,19.8407,61.7067,22.652
23.2373,15.8667,202.933,209.515,45.832,44.4613,11.2133,12.76,0.694,0.227333,-4.1,19.656,62.032,22.56
23.1427,15,203.691,209.408,45.8667,44.3813,11.426,12.94,0.694,0.707333,-3.96933,19.4867,62.416,22.464
23.0307,15,204.245,209.6,45.4373,44.5333,11.2947,13.3133,0.65,0.586,-3.77333,19.328,63.1467,22.3907
22.928,15,203.445,209.92,44.6987,44.392,11.328,12.8587,0.65,0.970667,-3.708,19.1467,64.184,22.2973
22.8213,15,205.024,210.165,44.6507,44.8027,11.328,13.0213,0.65,0.375333,-3.64267,18.9867,63.8373,22.2173
22.716,15,204.245,210.08,44.216,44.7467,11.3113,13.2973,0.65,0.188667,-3.77333,18.7807,64.0693,22.132
22.5933,15,203.285,209.557,43.3333,44.8027,11.23,12.5813,0.65,0.321333,-3.77333,18.624,64.3227,22.024
22.4933,15,203.467,209.899,42.6107,44.7067,11.2467,13.2973,0.65,0.324667,-3.512,18.4393,64.7573,21.94
22.372,15,203.627,209.792,41.5453,44.5653,11.6867,12.94,0.65,0.647333,-3.904,18.2873,65.7093,21.84
22.2533,15,203.584,209.472,41.796,44.888,11.426,12.956,0.65,0.196667,-3.708,18.188,65.6293,21.7373
22.156,15,204.501,209.312,41.8507,45.1227,11.5073,13.0213,0.65,0.152667,-3.57733,18.0933,65.3707,21.612
22.0493,14.0667,203.253,210.08,41.1333,44.8453,11.6053,13.0213,0.694,0.560667,-3.708,18.0033,66.0853,21.5293
21.9307,14,203.072,209.824,39.36,44.384,11.3447,13.3787,0.65,0.944667,-3.77333,17.8933,67.0747,21.46
21.8413,14,204.597,210.24,39.544,44.68,11.3447,13.3947,0.65,0.462,-3.512,17.766,66.3093,21.368
21.732,14,204.587,211.52,38.868,44.56,11.524,12.94,0.65,0.821333,-3.64267,17.6287,66.5227,21.2613
21.62,14,203.435,211.125,39.0013,44.7787,11.426,13.0213,0.65,0.523333,-3.512,17.476,66.9307,21.1547
21.5187,14,204.448,210.741,38.892,44.8613,11.6867,13.1027,0.65,0.552667,-3.44667,17.34,66.896,21.072
21.4147,14,205.696,212.117,39.056,45.072,11.7033,13.0213,0.65,0.22,-3.64267,17.1853,66.6053,20.968
21.3107,14,205.045,211.189,38.948,45.0907,11.5073,12.8587,0.65,0.476667,-3.25067,17.0873,66.8773,20.892
21.188,14,205.376,211.744,38.412,44.928,11.4427,13.0213,0.65,0.7,-3.512,16.9593,66.576,20.788
21.084,14,206.261,212.811,38.4973,45.0293,11.3447,12.5167,0.694,0.400667,-3.512,16.8247,66.3333,20.7093
20.992,13.4,206.539,212.949,38.62,45.096,11.4907,13.2653,0.65,0.254667,-3.64267,16.7273,66.4853,20.5947
20.8867,13,206.677,212.395,38.3613,44.944,11.622,13.444,0.65,0.733333,-3.57733,16.6353,66.5867,20.5187
20.7893,12.3333,207.349,212.981,38.5653,45.1627,11.5887,12.94,0.65,0.323333,-3.44667,16.53,66.5947,20.4033
20.712,12,206.976,213.547,38.9,45.312,11.4427,12.76,0.65,0.0746667,-3.512,16.488,66.424,20.3407
20.632,12,206.677,212.789,38.8987,45.2427,11.622,13.1027,0.694,0.036,-3.512,16.448,66.624,20.2427
20.5627,12,207.008,211.381,38.8307,45.2587,11.4907,13.3467,0.65,0.252667,-3.44667,16.46,66.992,20.1407
20.4947,12,206.848,211.467,38.804,45.232,11.524,13.0207,0.738,0.318,-3.38133,16.4407,67.5253,20.0967
20.4067,12.3333,206.581,211.723,38.6493,45.2107,11.524,13.184,0.782,0.832667,-3.44667,16.4167,68.216,20
20.3433,13,205.696,211.541,38.7693,45.3493,11.6053,12.7933,0.914,0.114,-3.77333,16.4407,67.968,19.95
20.2587,13,206.069,211.595,38.8947,45.504,11.524,13.3627,0.87,0.586667,-3.512,16.456,67.9947,19.8667
20.1833,13,206.325,211.851,38.704,45.4133,11.524,13.4433,0.694,0.688,-3.512,16.4453,68.4773,19.8267
20.138,13.1333,206.357,212.565,38.7387,45.4853,11.524,13.1027,0.782,0.600667,-3.44667,16.4367,68.2507,19.7433
20.08,14,206.667,212.864,39.0933,45.8373,11.6867,13.1187,0.694,0.142667,-3.57733,16.4367,68.0427,19.71
20.0267,14,206.667,213.44,39.0573,45.9547,11.6053,13.2,0.694,0.417333,-3.25067,16.4267,68.1493,19.6247
19.958,14,207.179,213.28,39.304,46.0773,11.6053,13.184,0.65,0,-3.77333,16.4167,67.792,19.5467
19.89,13.8667,207.584,213.173,39.1547,46.008,11.622,13.3467,0.65,0.525333,-3.83867,16.4067,68.0853,19.524
19.8393,13,207.669,213.259,39.1373,46.1573,11.6867,13.2813,1.046,0.170667,-3.512,16.346,68.672,19.45
19.7713,12.6667,207.829,213.845,39.4253,46.3067,11.7847,13.932,11.59,0.482,-3.57733,16.2573,68.7733,19.4
19.698,12,207.68,213.557,39.5693,46.624,11.4427,13.428,149.979,0.156,-3.14733,16.1847,68.7387,19.3107
19.6467,12,208.235,213.568,39.6773,47.0693,11.5887,15.7867,609.173,0.349333,6.142,16.0907,68.7973,19.2767
19.5827,12,209.067,214.091,39.6027,46.9013,17.636,21.0653,613.76,0.365333,27.672,16.0633,68.72,19.2267
19.5267,12,209.003,213.312,39.8493,47.024,20.8233,21.4893,614.059,0.314,42.5467,16.0207,68.68,19.1547
19.476,12,208.512,213.6,40.1013,46.8853,20.9213,21.832,614.592,0.425333,74.272,16.004,68.088,19.1133
19.4147,12,208.64,213.333,39.9107,46.624,20.9047,21.588,615.36,0.584667,89.984,16.0173,68.024,19.0667
19.3933,12,208.683,212.629,40.0787,46.5973,20.7413,22.4693,615.36,0.824667,96.4,16.0567,68.5307,19.024
19.3633,12,208.277,211.989,40.284,46.6933,21.1813,23.9253,615.829,0.544,153.712,16.1827,67.744,18.9967
19.3633,12,207.872,211.584,40.684,46.76,20.9047,25.244,616.939,0.649333,200.32,16.4513,66.1547,18.9767
19.37,12.3333,207.765,210.091,40.3533,46.6507,20.9047,30.0867,617.408,0.908667,222.976,16.6127,66.0133,18.9867
19.3967,13,207.701,209.44,40.4587,46.7493,21.3433,35.8787,617.579,0.947333,248.384,16.72,65.2613,19.016
19.4567,13.1333,207.605,209.067,40.5173,46.6373,23.5893,45.836,618.603,1.14667,296.832,16.8947,64.4987,19.0833
19.568,14,209.909,213.301,42.2053,47.2827,21.784,47.1333,618.304,0.88,302.144,17.172,63.0213,19.1613
19.5787,14,209.472,213.856,42.044,47.16,27.5573,64.0133,618.859,1.08533,362.496,17.4087,62.6107,19.2327
19.6567,14.9333,208.821,211.616,42.4707,47.0213,27.7907,68.5867,620.053,0.923333,383.424,17.6913,61.8747,19.3373
19.6593,15.5333,206.88,209.227,43.372,47.776,31.7113,62.3893,619.371,1.78933,410.837,17.9693,61.552,19.374
19.8713,16,211.488,208.032,41.412,46.9973,39.752,92.2027,620.267,1.85067,547.051,18.58,60.9627,19.5713
19.9707,16.5333,211.659,209.12,41.4747,46.608,29.1547,83.208,620.096,1.90333,457.323,19.8327,59.192,19.7633
19.996,17,210.891,209.632,42.0107,47.1787,33.0127,94.0133,619.541,1.50867,497.941,20.028,59.0693,19.8493
20.1353,16.6667,209.291,209.536,41.352,47.5493,37.9427,98.896,620.907,1.17067,555.392,20.796,55.896,20.028
20.2933,16,208.725,208.928,42.1547,48.4267,25.0067,61.328,620.011,1.408,357.173,21.1053,54.3333,20.1953
20.3153,16,206.197,207.744,42.272,49.4267,25.1853,51.408,618.56,2.47333,341.611,20.764,56.4027,20.2333
20.412,16.9333,204.299,207.648,44.496,49.864,58.04,119.6,620.181,1.476,712.256,22.2307,52.304,20.358
20.6547,17,206.539,208.117,42.2773,48.1893,72.536,137.744,622.229,2.22,844.693,23.8293,47.5627,20.6693
20.8867,17,207.381,207.712,41.7013,48.2373,46.9387,113.701,621.12,2.87933,629.077,22.86,51.6187,20.8267
20.888,17,206.741,206.933,43.4987,50.1253,25.462,64.96,619.157,2.73467,385.941,22.5467,51.944,20.8187
20.9,17,205.909,207.04,43.9253,51.3307,38.6707,87.7067,618.816,2.56867,502.208,21.8333,54.896,20.816
20.9253,17.7333,204.608,204.939,43.856,50.9013,54.0227,119.915,619.584,2.69333,695.616,21.884,54.8507,20.896
21.0867,18,203.627,204.395,44.4107,51.1413,43.4107,100.064,620.224,2.68067,622.699,22.208,53.992,20.988
21.14,18,203.04,204.8,44.6293,52.4053,33.9907,67.928,619.2,2.61733,481.131,21.8973,55.2373,21.024
21.1747,18,202.549,204.427,46.328,54.6373,42.6093,99.0773,619.2,3.01733,576.427,21.644,56.7173,21.024
21.208,18,202.069,204.992,47.64,54.288,27.008,65.2907,618.603,2.576,414.656,21.5107,57.3947,21.064
21.2147,17.2667,202.315,204.853,46.5413,54.064,20.9033,42.8067,617.963,2.808,318.912,21.3813,57.904,21.064
21.256,17,202.699,205.088,47.16,54.464,20.8227,45.8027,617.28,2.54733,299.211,20.9853,59.0373,21.048
21.2373,17,202.827,205.28,50.3333,56.2667,25.7867,61.6987,617.707,2.19867,388.363,20.876,59.4827,20.9813
21.232,17,202.699,206.485,49.4107,55.76,24.924,57.8773,617.92,1.67733,387.435,20.984,59.2027,20.9893
21.2293,17,202.827,206.261,50.6427,57,20.7253,52.8,617.877,2.57667,323.083,20.9933,58.9227,20.8573
21.204,17,202.208,205.12,49.248,57.5227,20.8233,41.0547,617.451,2.68267,247.893,20.8787,59.4693,20.7267
21.128,17,202.155,205.792,50.92,58.712,23.0033,55.2453,617.323,2.39467,313.749,20.6387,60.3653,20.632
21.18,17,202.283,205.045,52.0693,58.8933,26.4887,79.28,617.877,2.43,409.461,20.7,60.2427,20.636
21.14,17,200.971,204.576,51.776,58.088,20.8233,44.1147,617.621,2.47267,264.341,20.588,59.8587,20.592
21.0773,17,201.088,205.28,52.12,57.8853,20.562,37.3613,617.28,2.31533,246.165,20.548,59.2347,20.4247
21.0413,17,200.096,204.96,53.7733,57.6613,20.6607,31.5493,617.195,1.832,218.443,20.3773,59.5467,20.42
21.016,17,200.469,205.291,53.408,58.136,20.644,38.3373,617.28,1.63533,233.195,20.35,60.416,20.4167
21.1693,17,201.835,206.187,47.336,54.6613,20.8227,23.7453,616.896,1.77,133.341,20.2753,60.4613,20.684
21.304,17,201.621,205.173,45.5227,53.3947,20.9213,22.7027,616.085,1.91133,76.4613,20.1933,60.84,20.868
21.352,17,201.621,205.269,45.4933,53.2507,20.84,22.8653,615.787,1.602,65.7467,20.0507,61.2533,20.916
21.3547,16.8667,201.44,205.856,45.9947,53.2453,20.6433,23.2427,615.403,1.886,53.0813,19.9133,61.92,20.884
21.348,16,201.024,205.355,45.8453,53.368,16.514,23.1093,615.296,1.848,23.366,19.7673,62.6373,20.892
21.304,16,200.885,204.683,46,53.608,11.2633,22.8653,614.784,2.00267,14.5927,19.632,63.5307,20.84
21.268,16,200.395,205.013,46.8107,53.9467,11.426,14.5827,612.864,1.61133,3.79667,19.4727,64.5013,20.8227
21.2267,16,200.629,205.056,48.7333,54.6693,11.622,12.94,224.021,1.51533,-2.45733,19.35,65.504,20.768
21.192,16,201.408,205.867,50.2347,55.1653,11.6053,13.476,27.8373,0.750667,-3.904,19.272,65.912,20.7373
21.144,15.8667,201.259,207.029,51.5947,55.6293,11.4093,13.0213,2.366,0.634,-3.904,19.1693,66.12,20.652
21.072,15,201.013,207.285,51.6613,55.7013,11.6053,13.0207,1.31,0.682,-3.83867,19.074,66.4613,20.644
21.0467,15,201.909,207.232,52.408,56.136,11.524,13.6227,1.31,0.534,-3.57733,18.978,66.2427,20.5853
20.988,15,201.771,207.36,51.2747,55.96,11.7033,12.94,1.222,0.639333,-3.64267,18.89,66.0587,20.536
20.9227,15,201.803,207.296,51.2693,55.9013,11.524,13.15,1.222,0.630667,-3.512,18.8267,65.9227,20.504
20.8867,15,201.952,206.795,51.288,55.616,11.524,13.428,1.31,0.557333,-3.77333,18.7333,66.3067,20.4433
20.832,15,202.069,207.264,48.344,55.0853,11.4427,13.184,1.266,1.09667,-3.708,18.6633,66.7813,20.4033
20.7733,15,202.101,207.915,50.9813,55.888,11.5887,12.6947,1.178,1.15067,-3.512,18.5787,67.272,20.344
20.7173,15,202.496,208.299,50.4613,55.8667,11.5073,13.184,0.738,0.658667,-3.57733,18.48,67.648,20.25
20.6707,15,202.176,208.16,49.552,55.8507,11.6053,12.5333,0.87,0.655333,-3.512,18.3827,67.8613,20.2233
20.624,15,202.133,207.797,51.3707,56.312,11.426,14.24,1.134,0.0746667,-3.77333,18.2987,67.7387,20.168
20.5667,15,202.645,207.2,50.2427,56.2187,11.7847,12.94,1.09,0.0593333,-3.44667,18.206,68.0293,20.0973
20.5147,15,202.976,207.168,50.8133,56.096,11.6053,12.858,1.178,0.186667,-3.83867,18.1727,68.304,20.0633
20.4767,15,203.147,208.096,51.2453,56.312,11.328,13.0213,1.31,0,-3.77333,18.15,68.3227,19.9913
20.4133,15,202.613,207.424,51.616,56.392,11.524,13.1027,1.09,0,-3.57733,18.132,68.4,19.9533
20.3767,15,202.251,207.851,51.4107,56.3147,11.7033,12.696,1.222,0,-3.64267,18.088,68.6613,19.93
20.3267,15,202.624,207.531,50.7547,56.0507,11.5073,13.5253,1.134,0.07,-3.57733,18.0567,69.2133,19.8787
20.2667,15,202.347,207.392,48.8987,55.4453,11.622,12.304,1.002,0.882,-3.38133,18.0433,69.5093,19.8333
20.22,14.8667,203.029,207.253,48.48,55.5093,11.5073,12.32,0.958,1.01133,-3.708,17.99,69.9573,19.8067
20.1767,14,203.019,208.437,48.328,55.536,11.7033,13.2653,0.87,0.834667,-3.57733,17.934,69.7307,19.7433
20.1073,14,203.2,208.309,48.4987,55.704,11.5073,13.216,0.694,0.767333,-3.57733,17.7913,69.4267,19.684
20.0633,14,203.083,208.853,48.9893,56.0773,11.6053,13.6067,0.65,0.103333,-3.44667,17.6387,69.528,19.6167
19.9987,14,203.147,209.12,50.3893,56.48,11.524,13.0213,0.65,0,-3.44667,17.5127,69.2453,19.5267
19.9353,14,203.733,208.96,49.04,56.0933,11.67,12.2393,0.65,0,-3.708,17.39,69.5147,19.4733
19.8733,13.8667,204.213,208.992,50.2933,56.304,11.524,12.8747,0.65,0,-3.64267,17.2667,69.4533,19.41
19.8027,13,204.523,209.888,49.616,56.1573,11.524,13.5093,0.65,0.08,-3.57733,17.142,69.5253,19.3333
19.7307,13,203.957,209.088,48.4427,55.872,11.524,12.9233,0.65,0.402,-3.512,17.0247,70.0853,19.2767
19.6627,13,204.171,209.184,49.6827,56.2027,11.866,13.704,0.65,0.137333,-3.708,16.922,69.8987,19.196
19.5793,13,205.205,209.6,48.6933,55.9093,11.4427,12.94,0.65,0.335333,-3.83867,16.796,69.984,19.11
19.5067,13,205.995,210.763,49.7147,56.1867,11.426,13.3627,0.65,0,-3.64267,16.668,69.864,19.0247
19.4193,13,205.44,211.211,49.0187,55.944,11.622,13.5253,0.65,0.142,-3.64267,16.5433,70.1867,18.9313
19.3467,13,205.131,211.189,48.7173,55.8453,11.5887,13.3467,0.738,0.303333,-3.316,16.4213,70.76,18.816
19.2747,13,206.229,212.533,48.2,55.7867,11.524,12.94,0.914,0.15,-3.18533,16.3393,70.8187,18.77
19.1933,13,206.443,211.893,48.672,55.8453,11.7847,13.72,0.782,0.106,-3.38133,16.2887,70.7307,18.68
19.118,13,206.805,210.773,48.064,55.6213,11.6867,13.1027,0.914,0.728667,-3.708,16.2333,70.632,18.5967
19.05,13,206.475,210.539,48.456,55.744,11.7033,13.5907,0.914,0.365333,-3.44667,16.1807,70.568,18.532
18.9853,13,205.952,211.2,49.0267,55.8587,11.4427,13.102,0.87,0.618,-3.512,16.14,70.5867,18.4733
18.9273,13,206.816,211.584,49.3867,55.9733,11.5073,13.8827,0.738,0.174,-3.708,16.0867,70.3733,18.4133
18.8633,13,207.072,211.915,49.696,55.9333,11.6053,13.184,0.782,0.127333,-3.512,16.0367,70.0533,18.338
18.83,13,206.837,210.955,49.968,55.9333,11.6053,13.672,0.738,0.052,-3.44667,16.0233,70.016,18.2633
18.7787,13,206.741,211.595,49.9227,56.0373,11.524,13.184,0.782,0,-3.38133,16.01,70.0853,18.2467
18.718,13,206.869,212.139,50.5867,56.1093,11.524,12.8587,1.618,0,-3.57733,15.9887,70.1733,18.2
18.668,13,207.413,212.405,50.416,56.2347,11.524,14.3213,20.6353,0.222667,-3.316,15.988,70.2453,18.15
18.626,13,208.533,213.013,50.7947,56.3627,11.866,14.5653,176.069,0,-2.652,15.98,70.5307,18.11
18.5807,13,209.067,214.667,50.84,56.5093,11.622,14.4027,561.216,0,2.92667,15.9853,70.6693,18.07
18.544,13.9333,209.536,215.872,51.5387,56.6907,11.6053,22.0387,614.357,0,10.6067,15.996,70.496,18.044
18.51,14,209.781,215.136,51.376,56.784,17.198,24.188,614.4,0,24.472,16.0367,70.336,18.004
18.496,14,209.557,215.573,51.528,56.8853,20.8233,21.6693,615.36,0,58.0187,16.0933,70.784,17.9967
18.4687,14,209.717,215.445,51.6293,56.952,21.02,21.7853,615.403,0.036,86.8,16.1553,70.5653,18
18.4653,14,209.792,215.253,51.9733,56.9787,21.0833,22.7667,616.213,0,139.989,16.258,70.1573,18
18.5033,14.0667,210.592,216.299,51.2053,56.632,21.264,23.3413,616.768,0.088,145.173,16.4107,69.024,18.024
18.5033,14.5333,210.539,216.096,49.3067,55.736,21.3447,23.44,616.64,0.0726667,133.397,16.5633,68.6533,18.036
18.5273,15,211.328,216.267,50.208,55.992,20.9047,27.6,617.067,0.096,169.851,16.7487,67.8533,18.082
18.5733,15,211.328,215.595,51.0187,56.168,21.426,39.9293,617.621,0.036,230.005,16.9473,67.2907,18.1347
18.626,15,210.453,214.421,50.184,55.5573,21.2473,42.868,618.133,0.331333,233.216,17.1387,67.336,18.24
18.668,15,210.784,213.952,50.6373,55.224,21.084,30.2973,617.963,0.314,182.613,17.3593,66.608,18.3333
18.7513,15,210.784,215.371,49.648,54.6267,22.45,48.3547,618.048,0.0953333,248.224,17.5647,66.3947,18.4167
18.8467,15,211.925,213.451,49.5493,54.472,32.084,79.6453,619.712,0.086,379.627,17.7567,66.2667,18.5193
18.9807,15,211.136,212.437,48.992,54.08,57.2607,118.251,622.144,0.476667,579.883,18.058,65.72,18.734
19.0887,16.8667,211.808,210.773,48.7467,53.872,22.0273,55.28,620.352,0.48,289.163,18.3627,65.0587,18.8687
19.24,17.4,211.371,213.035,48.9653,53.992,47.8693,99.072,620.651,0.202667,541.739,18.638,64.6187,19.028
19.466,17.7333,211.435,213.045,48.728,53.736,56.0213,106.315,622.229,1.03733,588.437,19.034,64.0373,19.2513
19.648,18,211.307,212.405,48.52,53.44,61.5733,119.584,622.955,0.688667,646.88,19.43,63.3547,19.4873
19.894,18,210.869,212.832,48.68,53.3307,75.7013,134.469,623.595,1.45067,791.147,19.9153,62.8267,19.7493
20.162,18.5333,214.165,223.627,48.7173,53.352,30.0333,69.896,621.461,0.856667,369.312,20.3907,61.7973,20.0847
20.34,19,221.493,233.675,48.9093,53.4667,70.1947,126.667,622.357,1.08933,774.955,20.584,61.7733,20.3053
20.6133,19,228.043,236.949,48.8987,53.2427,66.228,121.579,623.125,1.62733,749.579,21.064,60.8853,20.6067
20.7787,19,228.32,233.707,49.208,53.3173,25.7553,56.4907,620.437,1.354,315.616,21.42,60.296,20.7893
20.9173,19,226.315,230.752,49.1893,53.664,35.76,71.6267,618.859,2.628,432.469,21.4547,60.672,20.912
21.1187,19.7333,219.648,225.856,50.3387,53.8507,65.3173,108.32,619.797,2.78067,686.827,21.5053,60.792,21.112
21.3427,20.2667,219.264,220.811,49.4533,53.816,37.0753,70.9493,619.755,3.16933,444.907,21.7507,60.5493,21.3547
21.46,21.6,215.52,216.768,50.104,53.9627,23.704,51.248,618.261,2.79,351.968,21.7933,59.8267,21.472
21.5573,22,209.173,214.528,51.8107,54.0293,32.3927,60.048,618.176,2.14667,419.605,21.6413,59.648,21.5373
21.6773,20.9333,208.864,212.064,51.6667,54.0107,40.6433,83.624,618.944,2.63667,492.107,21.6547,60.432,21.6587
21.804,19.4667,209.493,210.987,51.136,54.1547,44.3053,85.84,618.944,2.35533,567.499,21.7773,61.032,21.78
22.0013,19,210.027,211.339,50.728,54.1093,71.096,107.701,620.693,2.24467,806.123,22.132,60.672,21.932
22.164,19,208.192,209.995,51.056,54.1227,24.306,36.3853,618.731,2.20267,224.155,22.5307,59.4,22.044
22.184,19,207.776,209.749,51.9093,54.1813,20.7247,23.26,616.853,1.97267,112.656,22.3107,58.96,22.06
22.212,18.4667,207.893,209.408,52.1387,54.424,21.02,23.0093,616.085,1.412,74.6693,21.9613,59.7413,22.06
22.2173,18,207.296,209.152,52.8,54.5253,20.7413,23.4053,615.616,1.91667,42.5173,21.704,60.7893,22.0013
22.2027,18,206.859,208.832,53.616,54.7813,20.8407,23.3413,614.4,1.244,34.3787,21.3747,63.7707,21.92
22.164,17.0667,205.643,209.472,55.616,55.504,20.8227,22.604,614.528,1.04467,78.984,21.0453,65.5467,21.9
22.128,16.2667,203.744,209.344,56.9493,56.192,20.562,23.2547,615.36,0.966667,114.816,20.788,66.5333,21.852
22.0973,16,203.808,208.864,57.7707,56.4453,20.724,23.144,615.573,0.711333,162.773,20.6413,67.136,21.7827
22.0773,16,204.48,208.725,58.3707,56.5253,20.742,32.5573,616.469,0.829333,254.72,20.5987,67.4933,21.78
22.0747,16.9333,203.285,208.288,58.608,56.5707,20.7413,34.608,616.811,0.72,305.653,20.62,67.2267,21.8027
22.104,17,202.859,208.043,57.9573,56.68,20.742,41.572,617.877,1.04267,379.403,20.628,66.2933,21.808
22.088,17,202.027,208.224,56.7387,56.552,20.9213,28.9493,617.92,1.91933,284.725,20.636,64.8533,21.84
22.0613,17.5333,203.275,208,56.456,56.6347,20.8233,23.2427,617.28,2.19,201.227,20.524,64.392,21.784
22.024,18,204.395,208.096,56.416,56.72,20.8227,22.1107,616.299,1.674,66.8827,20.4107,65.3707,21.748
21.992,18,209.867,208.565,56.6213,56.8693,20.58,23.5853,615.403,1.40667,31.868,20.254,66.1227,21.716
21.988,18,216.373,216.672,57.2587,58.2853,20.742,23.2427,615.104,0.944667,19.2527,19.9887,67.2507,21.6013
21.872,18,212.213,217.099,57.6187,58.592,15.9293,22.9467,614.464,0.900667,12.9253,19.8507,67.208,21.532
21.84,17.0667,214.624,218.656,56.736,58.152,11.524,18.5227,614.4,1.10067,5.41333,19.7167,67.84,21.46
21.788,17,214.272,215.243,56.456,58.008,11.6867,12.8747,425.088,0.832667,-1.57333,19.578,68.4907,21.44
21.704,17,213.067,213.877,56.456,58.1093,11.3447,13.1027,82.2347,0.636,-3.77333,19.3593,69.0187,21.34
21.64,17,211.68,213.611,56.0987,58.0613,11.3447,13.394,5.61733,0.494667,-3.64267,19.0807,69.8373,21.2733
21.564,17,210.315,213.344,56.408,58.136,11.6053,13.0213,1.266,0.586667,-3.77333,18.82,70.544,21.1813
21.488,16.6667,209.557,212.011,55.9467,58.0987,11.524,13.0853,1.134,0.464,-3.708,18.6133,71.1867,21.1093
21.4147,16,209.184,211.093,55.8533,58.144,11.524,13.0213,1.046,0.557333,-3.77333,18.4327,71.8107,21.004
21.312,16,208.16,211.68,55.872,58.136,11.6867,12.6147,1.09,0.752,-3.83867,18.2633,72.32,20.9507
21.24,15.2667,207.52,211.264,55.792,58.1413,11.6053,13.3627,1.09,0.671333,-3.904,18.1047,72.496,20.8667
21.152,15,207.989,210.827,54.9387,57.928,11.5887,12.94,1.31,0.960667,-3.64267,18.02,72.6133,20.76
21.0573,15,206.805,211.381,54.7147,57.9307,11.4427,12.94,1.222,0.999333,-3.64267,18.0033,71.2907,20.6747
20.988,15,206.699,211.477,55.328,58.1467,11.524,13.184,1.046,0.306,-3.708,17.9187,70.664,20.62
20.8973,15,205.995,211.595,55.1093,58.1173,11.622,12.4187,0.826,0,-3.708,17.8213,70.5147,20.5493
20.844,15,206.891,211.147,54.9333,58.0533,11.6053,13.1027,0.826,0,-3.44667,17.6927,70.8747,20.454
20.7507,15,207.115,211.723,55.0613,57.9307,11.5073,13.2653,0.782,0,-3.83867,17.584,71.08,20.4067
20.692,15,207.04,212.853,55.0293,57.872,11.622,13.1333,0.65,0,-3.77333,17.502,71.096,20.3247
20.632,15,206.24,212.149,54.6533,57.8053,11.7033,13.3467,0.65,0,-3.57733,17.4207,69.6,20.242
20.56,15,206.741,210.901,54.568,57.7493,11.6867,13.0213,0.826,0,-3.708,17.3133,68.6667,20.13
20.4887,14.2,206.656,210.144,54.1947,57.6053,11.426,13.736,0.826,0,-3.64267,17.2133,68.4747,20.0947
20.4233,14,206.197,210.539,54.08,57.4667,11.524,12.94,0.87,0,-3.57733,17.1667,68.3573,20.0027
20.3433,14,205.376,210.133,53.7973,57.3333,11.67,13.0213,0.782,0,-3.512,17.1073,68.6267,19.9527
20.2667,14,205.6,209.952,53.304,57.224,11.7033,13.2,1.002,0.419333,-3.64267,17.042,68.968,19.894
20.2067,14,205.92,211.147,53.3067,57.184,11.524,13.98,1.002,0.306,-3.38133,16.9413,69.168,19.81
20.1333,14,205.728,212.096,53.1973,57.112,11.524,13.1027,0.87,0.246,-3.57733,16.84,69.6373,19.7267
20.0633,14,205.323,211.701,53.3733,57.1307,11.6867,12.842,0.826,0,-3.512,16.7727,69.7893,19.6913
20.006,14,205.621,211.317,53.4213,57.16,11.5073,12.9067,0.914,0,-3.57733,16.72,69.728,19.6167
19.932,14,206.197,210.72,53.472,57.1627,11.7847,13.428,0.782,0.0386667,-3.44667,16.69,69.7547,19.524
19.8667,14,205.909,210.613,53.4773,57.1413,11.524,13.1027,0.914,0.036,-3.708,16.656,70.088,19.45
19.814,14,206.219,210.976,53.4453,57.144,11.964,13.1027,0.65,0,-3.64267,16.624,70.1227,19.41
19.7413,14,205.963,212.064,53.352,57.0933,11.524,13.5413,0.65,0.0573333,-3.64267,16.6087,70.3813,19.36
19.69,14,206.581,213.152,53.496,57.072,11.768,13.3467,0.694,0.036,-3.64267,16.5833,70.5253,19.2833
19.6393,14,207.317,212.096,53.2533,57.0133,11.524,13.3467,0.65,0,-3.57733,16.5433,70.8347,19.26
19.5753,14,207.072,211.083,53.1787,57.008,11.7847,12.598,0.65,0,-3.44667,16.5093,71.2267,19.192
19.5167,14,207.317,210.944,53.0373,56.952,11.4427,13.6227,0.65,0.044,-3.64267,16.4447,71.9707,19.13
19.4427,14,206.987,212.512,52.9093,56.9333,11.7847,13.1027,0.65,0.176,-3.38133,16.4067,72.7893,19.0493
19.3867,14,206.869,212.992,53.1707,57.0373,11.426,12.94,0.65,0,-3.38133,16.3667,72.4613,18.9733
19.3333,14,206.133,213.173,52.8667,56.9147,11.866,14.0933,0.694,0.318667,-3.512,16.332,72.6533,18.9313
19.2713,14,206.955,215.115,52.6907,56.9013,11.7033,13.5907,0.694,0.331333,-3.512,16.2733,72.744,18.8587
19.2133,14,207.659,213.909,52.808,56.984,11.6053,13.2653,0.826,0.08,-3.38133,16.23,72.512,18.7827
19.1413,14,207.616,214.912,52.7627,56.976,11.524,13.1027,0.738,0.0593333,-3.38133,16.182,72.6453,18.7333
19.0773,14,207.563,214.635,52.8747,57.0107,11.6053,12.9393,0.782,0.124667,-3.512,16.164,72.7067,18.676
19.0193,14,207.776,214.933,53.144,57.184,11.6053,13.5093,0.782,0,-3.38133,16.1247,72.576,18.6033
18.982,14,207.936,214.208,53.1973,57.328,11.622,13.428,0.87,0.08,-3.25067,16.1,72.2587,18.56
18.934,14,208.448,214.539,53.4453,57.2693,11.524,13.6547,0.826,0,-3.25067,16.114,72.2693,18.516
18.8867,14,208.363,215.2,53.4213,57.368,11.7847,13.2653,1.266,0,-3.38133,16.1033,72.488,18.474
18.8467,14,208.363,215.232,53.1333,57.336,11.4427,13.3467,15.1007,0,-3.64267,16.08,72.6,18.4
18.8133,13.2667,208.491,217.323,53.1307,57.216,11.6053,13.5093,100.771,0.196,-2.79533,16.06,73.0693,18.3833
18.76,13,209.28,218.453,53.32,57.3173,11.524,12.5153,455.168,0.0546667,0.494667,16.07,73.0773,18.336
18.7133,13,209.173,218.539,53.264,57.352,11.524,18.8653,613.931,0.113333,9.44867,16.1033,73.1173,18.2967
18.668,13,209.504,218.059,53.3893,57.3947,16.0927,23.44,614.315,0,20.9313,16.0967,72.9707,18.23
18.6493,13,210.603,218.443,53.312,57.3867,20.904,24.0413,614.4,0.0413333,42.0107,16.1207,72.96,18.23
18.6307,13,211.296,218.72,53.4133,57.3893,21.084,23.7653,614.528,0.0953333,62.2773,16.164,72.6933,18.22
18.6207,13,211.285,219.083,53.3947,57.4187,20.9207,23.684,615.296,0,89.888,16.2333,72.3493,18.184
18.6113,13.3333,211.744,219.307,53.3387,57.3253,21.002,23.44,615.744,0.118667,121.141,16.2967,73.056,18.1407
18.616,14,212.064,220.224,53.6987,57.5227,21.0673,23.3413,616.213,0,134.555,16.3833,71.7333,18.162
18.6207,14,211.957,218.635,53.1653,57.0933,20.986,25.9427,616.64,0.703333,180.581,16.494,71.6853,18.216
18.6407,14,211.445,217.707,53.3733,56.96,21.182,23.44,616.64,0.488,162.005,16.65,70.8053,18.2533
18.662,14.2,212.021,216.235,53.6107,56.8907,21.4087,36.5467,617.067,0.036,218.187,16.774,70.1733,18.29
18.7113,14.9333,212.32,215.787,53.52,56.576,20.9853,25.4067,617.109,0.940667,167.877,16.962,69.7893,18.372
18.748,15,211.947,215.211,53.008,56.5307,21.2647,26.7253,616.853,0.970667,196.235,17.1393,69.5627,18.42
18.81,15,211.765,213.504,52.8853,56.4053,21.164,31.144,617.28,1.08,227.883,17.3347,69.2107,18.4967
18.86,15,211.872,212.373,52.7493,56.456,20.9853,23.44,616.981,1.58933,148.171,17.516,69.0053,18.532
18.9067,15.3333,211.659,212.043,53.056,56.5893,21.2647,23.44,616.213,0.908667,68.7333,17.594,69.088,18.5567
18.9347,16,209.771,211.84,53.3387,56.9147,20.9847,23.44,616,0.888667,86.688,17.6633,69.2053,18.5867
18.974,16,209.408,212.032,53.8053,57.056,20.84,23.44,616.043,0.794,109.248,17.6833,69.2827,18.61
18.9993,16.3333,209.429,211.819,53.6907,57.0267,21.2633,45.6733,616.853,1.422,258.741,17.772,68.9547,18.716
19.0367,17,208.917,209.824,53.336,56.984,22.5013,50.6373,617.28,1.808,273.664,18.0247,68.488,18.8067
19.132,17,208.448,208.704,53.0587,57.1067,30.618,74.7573,618.133,2.072,421.76,18.1573,67.6827,18.904
19.256,17,208.363,208.597,52.8453,56.864,45.5973,97.056,618.987,2.25267,541.312,18.4247,67.304,19.032
19.4167,17,208.267,207.328,52.592,56.3787,55.8107,126.805,620.139,2.16933,674.091,18.7613,66.8587,19.2513
19.598,16.0667,208,206.923,52.296,55.936,83.1467,137.963,620.992,2.47533,894.379,19.098,66.0187,19.4553
19.8307,16.5333,207.755,206.848,52.0773,55.5253,72.276,124.256,621.376,2.482,779.072,19.4907,64.8213,19.7213
20.0547,17,206.997,207.2,51.9787,55.3227,62.1267,117.723,620.992,2.13333,704.277,19.8553,64.1947,19.9313
20.2293,17.7333,206.581,206.517,51.9867,55.336,70.6133,120.523,620.736,3.118,771.883,20.2013,63.48,20.1427
20.446,18.5333,206.027,206.016,51.9707,55.408,75.4027,129.845,620.736,3.012,798.421,20.4607,62.776,20.3407
20.6387,17.5333,204.715,206.251,52.048,55.3307,52.6973,103.491,620.395,3.13067,659.371,20.7307,62.144,20.576
20.744,17,204.352,206.165,52.4427,55.6187,20.7587,38.0893,617.877,3.10533,199.584,20.792,61.3173,20.692
20.8587,17,203.851,206.624,52.7093,55.7813,53.536,87.9093,617.92,3.21,599.477,20.54,61.8427,20.764
21.024,17,203.648,206.528,52.6907,55.784,78.4,110.299,619.669,3.45933,813.76,20.6293,62.6613,20.928
21.1813,17,203.179,206.379,52.7547,55.9893,53.892,102.197,619.627,3.84467,671.765,20.888,62.3387,21.052
21.2813,17,202.411,204.576,53.04,56.176,24.9253,68.2587,618.219,3.416,373.291,20.8853,61.8693,21.1373
21.3773,17,202.208,205.173,53.3253,56.2427,20.7407,51.2267,617.408,3.42,342.987,20.648,62.336,21.184
21.448,17,202.709,205.269,53.656,56.4213,20.9047,27.7333,616.896,2.86133,188.235,20.46,62.3547,21.216
21.46,16.2667,202.4,205.141,54.0747,56.6027,19.216,23.928,615.659,2.44933,39.5027,20.2087,62.5893,21.18
21.448,15.6667,202.133,205.579,54.384,56.7867,11.4427,18.308,614.912,2.09,6.102,19.9327,63.184,21.108
21.4147,15,201.685,205.781,54.7813,57.0587,11.524,23.44,613.931,1.86667,8.69333,19.6707,66.9573,21.02
21.3693,15,200.64,206.517,55.9627,57.3627,11.7033,20.244,613.76,0.862,7.302,19.3633,69.4827,20.9707
21.3,15,200.619,206.517,56.6667,57.7707,14.1907,23.516,613.76,1.07267,14.658,19.0593,70.7707,20.908
21.228,15,199.989,206.187,57.2187,58.136,20.904,22.796,613.76,0.558667,22.454,18.8267,71.6907,20.8267
21.144,14.8,200.629,206.347,57.1547,58.4267,18.6767,23.0627,613.76,1.05667,26.9067,18.6347,72.336,20.7533
21.0653,14.0667,200,206.987,57.6533,58.8027,20.9213,23.144,613.76,0.606667,41.788,18.426,72.8427,20.688
20.988,14,199.925,206.816,57.1653,58.9707,16.596,22.6047,613.76,0.716667,21.662,18.254,73.4907,20.616
20.9013,14,199.872,206.933,57.5333,59.216,11.4427,20.7667,613.717,1.224,8.47333,18.076,73.9067,20.5387
20.832,14,200.896,206.411,56.8187,59.2187,11.6053,23.2427,613.675,1.14333,8.45933,17.87,74.592,20.45
20.7387,14,200.203,207.093,57.2773,59.4853,11.622,22.308,613.717,0.445333,13.3433,17.6813,74.816,20.3747
20.664,14,200.032,207.723,56.9547,59.5333,11.524,18.0293,613.717,0.194667,10.894,17.5147,75.3707,20.29
20.568,14,200.352,208.117,57.288,59.7173,11.7847,13.1027,575.787,0.318667,0.287333,17.38,75.6613,20.174
20.4847,14,200.928,208.096,56.84,59.5813,11.4427,12.8587,330.059,0.280667,-1.636,17.2433,76.432,20.1053
20.4033,14,200.597,208.683,56.6827,59.608,11.524,13.5413,104.151,0.483333,-3.356,17.1467,76.736,20.0053
20.2933,14,200.96,208.597,56.3813,59.528,11.5073,12.696,6.18733,0.169333,-3.57733,17.0207,76.9733,19.9367
20.21,14,201.6,208.203,56.3013,59.536,11.6053,13.2813,1.09,0.303333,-3.83867,16.922,76.9467,19.8453
20.1367,14,201.44,208.587,56.9733,59.7333,11.524,13.3467,0.958,0,-3.64267,16.8253,76.7067,19.7567
20.0567,14,201.237,208.864,56.848,59.6533,11.8013,13.1993,1.09,0,-3.512,16.7133,76.808,19.694
19.9807,14,201.088,208.704,56.9173,59.7093,11.6053,13.184,0.694,0,-3.57733,16.6587,76.7973,19.5933
19.89,14,201.643,203.723,55.76,59.472,11.6867,13.2,0.826,0.207333,-3.44667,16.624,77.2693,19.5493
19.8313,14,201.451,197.696,55.8987,59.5653,11.524,13.5253,1.002,0,-3.57733,16.5467,77.12,19.458
19.752,14,201.173,196.832,55.4187,59.424,11.6053,13.1027,1.266,0.2,-3.316,16.484,77.3307,19.39
19.6787,14,200.971,198.357,55.2373,59.3733,11.7033,13.5407,0.826,0.222667,-3.316,16.4273,77.76,19.344
19.606,14,201.557,199.029,56.032,59.6453,11.4427,13.184,0.914,0,-3.57733,16.39,77.5813,19.2633
19.5467,14,201.621,199.435,55.9947,59.7147,11.6053,12.6953,0.738,0.139333,-3.44667,16.36,77.5067,19.2227
19.4787,14,202.155,201.035,56.0453,59.784,11.7033,13.428,1.134,0,-3.512,16.2847,78.192,19.144
19.4073,14,202.709,201.707,55.6693,59.784,11.7033,13.3467,0.826,0,-3.83867,16.2567,78.0133,19.0733
19.3467,14,203.093,203.221,55.712,59.8,11.6053,12.598,0.914,0,-3.57733,16.23,77.7653,19
19.294,14,203.488,203.403,55.904,59.9093,11.4427,12.0287,0.87,0,-3.512,16.2267,77.704,18.9667
19.2233,14,205.728,204.437,55.88,59.976,11.6053,13.704,0.738,0,-3.708,16.2033,77.696,18.914
19.166,14,205.995,203.509,55.976,60.0133,11.7033,13.0213,0.914,0,-3.57733,16.1867,77.7947,18.8293
19.0993,14,204.181,203.061,56.0907,60.1173,11.5073,12.4187,0.826,0,-3.512,16.172,77.6373,18.8053
19.06,14,200.128,204.085,56.0747,60.2027,11.5887,13.1187,1.046,0,-3.57733,16.152,77.6907,18.7533
19.006,14,199.979,204.587,55.8107,60.1493,11.7033,13.3467,1.046,0,-3.64267,16.144,77.9147,18.6673
18.966,13.4667,200.235,203.424,55.5013,60.0427,11.6053,13.1833,0.738,0,-3.512,16.124,78.312,18.652
18.91,13,200.693,202.731,55.8533,60.2933,11.524,13.3467,0.694,0,-3.38133,16.1133,78.3333,18.6
18.8633,13,200.693,202.176,56.04,60.4107,11.7847,13.1027,0.65,0,-3.57733,16.1167,78.376,18.524
18.8233,13.5333,200.299,201.536,55.96,60.4667,11.524,13.3467,0.694,0,-3.512,16.1133,78.0747,18.492
18.7927,14,199.712,201.973,56.056,60.584,11.7033,12.208,0.65,0,-3.64267,16.124,78.0987,18.4667
18.7327,14,199.669,203.029,56.152,60.5947,11.5407,13.704,0.65,0,-3.44667,16.124,78.1707,18.4233
18.6807,13.8667,199.584,202.176,55.968,60.5573,11.7847,13.428,0.694,0,-3.44667,16.114,78.408,18.372
18.6513,13.1333,199.851,201.76,55.632,60.4587,11.6053,13.3467,0.65,0.139333,-3.57733,16.1,78.48,18.3207
18.6113,13,199.445,201.483,55.5973,60.4613,11.524,13.1027,0.65,0.132667,-3.57733,16.0933,78.8427,18.2767
18.5733,13.6,199.499,201.899,55.792,60.6213,11.524,12.7607,0.65,0.103333,-3.38133,16.0733,78.8853,18.24
18.538,13.4667,199.424,201.685,55.984,60.72,11.866,14.4187,0.65,0.0746667,-3.904,16.06,78.9467,18.196
18.5133,13,199.029,200.971,56.3093,61.08,11.5073,13.428,0.694,0,-3.512,16.04,78.968,18.1333
18.4687,13.3333,199.168,202.869,56.3947,61.1707,11.866,13.3467,0.65,0,-3.57733,16.004,79.0747,18.0967
18.4273,14,198.848,202.763,56.3947,61.0853,11.7033,12.6793,0.65,0,-3.64267,15.9693,79.2587,18.08
18.38,13.8,198.848,202.389,56.4907,61.1947,11.6867,14.0453,0.65,0.0413333,-3.512,15.8887,79.2667,18.032
18.3333,13,200.053,202.421,56.688,61.344,11.524,13.2653,0.65,0,-3.44667,15.8427,79.432,17.9767
18.302,13,200.288,201.941,56.904,61.3813,11.6867,13.428,0.65,0,-3.512,15.7953,79.4667,17.9367
18.2467,13,200.352,201.973,56.88,61.4053,11.524,13.428,0.694,0,-3.512,15.7567,79.5547,17.91
18.2,13,199.947,202.176,56.9813,61.4853,11.6053,11.328,0.65,0,-3.57733,15.71,79.608,17.856
18.17,13,200.235,202.379,57.096,61.5493,11.524,12.8587,0.65,0,-3.512,15.69,79.6933,17.8213
18.1267,13,200.021,204.096,56.84,61.4693,11.7847,13.672,0.65,0,-3.44667,15.6473,79.6987,17.78
18.0767,13,200.395,204.875,56.9413,61.5547,11.524,13.5093,2.49667,0,-3.44667,15.5867,79.592,17.7093
18.0373,13,200.395,205.109,56.9333,61.6747,11.524,13.5093,58.226,0,-3.44667,15.5567,79.6507,17.66
17.9833,13,201.611,205.536,57.0773,61.6773,11.524,13.428,387.552,0,-1.28667,15.5093,79.5973,17.62
17.942,13,201.536,205.227,57,61.7307,11.6053,18.0027,613.675,0,6.936,15.464,79.5067,17.5733
17.904,13,202.027,206.144,56.9307,61.616,14.1907,23.4853,613.76,0,16.728,15.46,79.7013,17.5667
17.8667,13,201.952,206.528,56.8453,61.776,20.8227,23.144,613.76,0,27.1653,15.4167,79.48,17.516
17.8433,13,202.112,208.107,56.8533,61.7333,20.986,23.44,614.059,0,46.7413,15.39,79.4533,17.484
17.8167,12.8667,202.581,207.904,57.04,61.792,21.1013,23.6133,614.229,0,50.2933,15.3567,79.4907,17.47
17.782,12.2,202.517,207.328,57.288,61.8267,21.0027,23.3413,614.144,0,49.9467,15.292,79.7253,17.4333
17.772,12,203.36,207.584,57.3707,61.784,21.0673,25.4387,615.232,0,119.472,15.296,79.5093,17.4133
17.772,12.0667,203.147,207.829,57.568,61.8907,20.8227,45.0027,617.365,0,253.643,15.3733,79.0053,17.4233
17.806,12.8,203.264,207.84,57.488,61.6853,25.3487,61.2693,619.797,0,315.893,15.5787,78.9067,17.4567
17.8533,13,203.797,206.965,56.816,60.928,33.048,83.04,620.992,0.16,393.472,15.8973,76.3547,17.5153
17.922,13,204.384,206.027,56.608,60.048,41.5787,104.459,621.547,0.226,489.365,16.2447,74.7413,17.6787
18.0607,13.9333,203.659,205.323,56.6267,59.4933,41.436,112.811,622.315,0.524,564.501,16.6067,73.6267,17.8073
18.218,14,204.117,205.205,56.5093,59.224,49.5493,118.32,622.485,0.656667,582.72,16.9927,72.7973,18.0073
18.4067,14.9333,203.36,205.184,56.36,59.1333,51.2267,142.347,622.613,0.693333,606.677,17.356,71.9893,18.216
18.614,15.1333,203.093,205.152,56.064,58.904,53.6693,142.56,622.955,0.435333,656.171,17.6847,71.2587,18.424
18.812,15.6,203.445,204.843,56.024,58.8133,62.9053,125.328,623.168,0.49,619.968,18.02,70.648,18.6787
19.0213,16.7333,202.112,203.285,55.8853,58.7653,38.0413,82.784,622.229,0.506,440.544,18.3393,69.9333,18.8887
19.1687,17,202.987,203.531,55.9733,59.08,28.228,61.288,620.181,0.954667,387.2,18.5713,69.624,19.06
19.3413,17,202.155,203.061,56.2827,59.2027,51.9227,111.269,620.565,0.732667,586.496,18.732,69.52,19.2273
19.5873,17,201.792,202.357,56.2027,58.9467,83.0293,149.957,623.211,1.728,880.683,19.0907,68.9893,19.4933
19.8653,17.6667,201.856,202.507,55.8,58.6053,95.3653,147.643,624.32,1.70267,944.512,19.556,68.04,19.816
20.1107,19,201.44,201.803,55.5813,58.3467,64.5173,121.488,622.613,1.92867,724.437,19.9407,66.7653,20.0947
20.3307,19,201.333,201.173,55.4987,58.088,68.112,119.547,621.845,1.94333,740.075,20.2227,66.6587,20.3447
20.5453,19,202.261,201.6,55.3867,58.512,67.12,121.488,621.504,2.59133,755.349,20.4467,66.2,20.584
20.7187,19,202.763,200.715,55.5467,58.5413,64.228,126.528,620.821,2.73867,764.352,20.636,65.4853,20.7747
20.912,18.4667,201.867,200.416,55.616,58.0533,51.0253,105.856,620.395,3.094,635.989,20.7467,64.7893,21.0107
21.076,18.2667,201.632,200.491,55.8027,57.9573,71.544,128.683,620.309,3.31467,824.299,20.8253,64.024,21.156
21.2973,20,200.992,200.437,55.7813,57.4053,82.584,140.821,621.077,3.48533,974.421,21.0053,63.9707,21.34
21.492,19.2667,201.024,199.989,55.9253,58.8133,49.4987,101.651,620.267,3.13333,628.565,21.116,62.1413,21.504
21.5693,19,200.491,199.573,56.216,59.2187,25.8027,57.7173,618.56,3.11533,390.123,20.9947,62.024,21.5693
21.636,18.2667,200.256,198.88,56.5467,58.9413,31.1267,81.7973,617.92,2.94333,406.336,20.728,62.568,21.584
21.7187,18,200.267,197.579,56.656,59.0533,37.7,85.7493,618.304,2.77933,496.629,20.5427,64.0933,21.632
21.768,18,198.869,197.547,56.6373,58.368,20.9027,40.156,617.323,2.32133,224.576,20.5133,64.8053,21.596
21.792,17.4667,198.635,196.608,56.688,58.3013,29.89,67.792,617.152,2.99733,420.853,20.3473,65.352,21.612
21.8493,17,197.227,197.589,56.6427,57.976,25.25,62.4053,617.877,3.13333,392.405,20.2953,65.3173,21.64
21.8907,17,197.312,197.547,56.6213,58.144,51.0733,91.136,618.645,3.12333,667.477,20.2173,64.984,21.676
21.976,17,197.195,198.144,56.3173,57.9147,39.0793,57.624,618.944,2.432,541.675,20.436,64.2853,21.692
22.0373,17,197.6,197.781,56.0373,58.0827,40.036,52.3413,618.56,2.51733,585.963,20.612,62.6907,21.7293
22.0813,17,197.536,196.544,55.5573,57.7653,41.2573,47.072,618.56,2.76067,558.997,20.668,60.8,21.716
22.128,17,196.16,196.117,54.744,57.8053,32.8493,42.96,618.389,2.86467,500.864,20.6813,60.6107,21.7107
22.128,17,193.525,195.851,54.2133,57.136,20.742,32.6867,617.792,3.07267,433.899,20.528,60.704,21.7133
22.124,17,193.088,194.965,54.344,57.7413,20.6447,32.184,617.28,2.87533,381.099,20.2887,62.592,21.692
22.1093,17,193.579,194.581,55.1467,58.2693,20.9847,25.1453,616.896,3.02667,186.357,20.094,64.608,21.62
22.064,17,192.981,194.837,55.3813,58.312,20.8233,22.5867,615.872,2.04667,117.229,19.8853,65.5973,21.5653
22.032,17,192.779,194.88,55.7627,58.7253,21.002,23.2427,616.213,2.464,246.997,19.706,66.272,21.508
21.98,17,192.341,194.347,56.1787,58.8987,20.562,22.7667,616.64,2.29733,193.867,19.5387,66.888,21.456
21.9373,17,192.245,193.44,56.4293,59.0987,20.822,23.208,616.256,1.76333,108.936,19.41,67.1813,21.3933
21.8747,17,192.171,194.112,56.7387,59.3947,20.8233,23.2427,615.339,1.622,30.5387,19.2647,67.2747,21.2907
21.816,17,192.235,194.112,57.0027,59.6027,17.5547,23.44,614.464,1.55667,15.9727,19.0867,67.792,21.192
21.728,16.0667,191.733,193.109,57.3413,59.872,11.5887,21.628,614.315,2.454,5.83,18.87,68.2347,21.1187
21.6053,16,191.349,193.792,57.2267,59.7707,11.622,13.184,539.072,1.22133,-1.13067,18.648,68.5573,20.9947
21.5267,16,191.531,193.376,57.328,59.8853,11.5073,12.598,198.693,2.00467,-3.708,18.468,68.7547,20.912
21.408,16,191.637,194.709,57.2533,59.9013,11.7033,13.72,10.8873,2.14333,-3.96933,18.2407,68.7973,20.8147
21.2933,16,191.765,195.381,57.224,59.84,11.2633,13.3467,1.002,1.682,-3.708,18.038,69.28,20.7133
21.184,16,192.565,194.539,57.2987,59.864,11.6053,12.5167,0.87,1.70867,-3.708,17.884,70.4293,20.5853
21.0787,15.4667,191.979,194.656,57.3387,59.8827,11.4427,14.0773,1.046,2.09933,-3.708,17.7373,70.8747,20.5007
20.976,15,191.499,195.072,57.3973,59.8933,11.768,13.1027,1.266,1.172,-3.64267,17.614,71.144,20.3853
20.8853,15,192.192,194.72,57.5333,59.8853,11.524,13.2,1.31,1.16333,-3.57733,17.5047,71.3493,20.3087
20.7747,15,191.765,194.485,57.6453,59.8827,11.6053,13.3787,1.178,1.29333,-3.77333,17.4033,71.36,20.212
20.688,14.8667,191.723,194.656,56.9867,59.952,11.524,13.2,1.31,2.50067,-3.512,17.228,68.3467,20.1173
20.5853,14,191.253,194.027,56.5387,59.8107,11.964,13.1027,1.266,0.632667,-3.708,16.8447,70.536,20.0513
20.47,11.2,190.304,192.075,56.0427,59.688,11.4907,13.2813,1.31,1.84733,-3.83867,16.4147,71.6987,19.938
20.3067,11,189.92,192.011,55.8187,59.6027,11.5073,13.1027,1.178,1.98467,-3.57733,16.0533,73.3467,19.7767
20.168,11,189.216,190.72,55.7813,59.5893,11.524,12.842,1.266,1.57733,-3.57733,15.804,74,19.6473
20.03,11.7333,189.237,191.413,55.664,59.5973,11.6053,13.3787,1.09,1.492,-3.38133,15.5747,74.3333,19.49
19.8867,12,188.885,191.979,56.416,59.696,11.4427,14.76,1.178,0.354667,-3.38133,15.3753,75.1253,19.3593
19.7693,12,188.352,191.808,56.504,59.8,11.524,14.1267,1.266,0.036,-3.38133,15.22,75.384,19.25
19.6487,12,189.035,191.669,56.8373,59.9093,11.524,13.2653,1.178,0.212667,-3.64267,15.07,74.9147,19.1407
19.534,12,188.555,192.693,56.68,59.9653,11.7033,13.2653,1.178,0.0493333,-3.38133,14.962,75.2427,19.0353
19.406,12,187.968,192.704,56.4053,60.04,11.5073,13.2653,1.002,0.126667,-3.38133,14.8967,75.5733,18.89
19.3107,12,188.704,192.341,56.4507,60.072,11.6867,13.2653,1.046,0.194667,-3.38133,14.8213,76.088,18.824
19.1967,12,189.152,193.408,56.424,60.1253,11.622,13.184,1.002,0.103333,-3.64267,14.7733,76.272,18.75
19.0887,12,188.629,194.229,56.496,60.1787,11.6053,12.5167,1.134,0.072,-3.44667,14.7367,76.6,18.68
18.988,12,189.12,194.549,56.2507,60.2587,11.4427,14.3373,0.87,0.192,-3.25067,14.72,76.7627,18.6
18.9073,12,189.835,194.293,56.2427,60.2747,11.426,13.1027,0.87,0.044,-3.512,14.68,76.8667,18.4907
18.82,12,189.909,194.656,56.096,60.3067,11.6053,12.6793,0.914,0.088,-3.18533,14.648,76.8907,18.43
18.72,12,190.24,195.104,55.9387,60.3147,11.7033,13.7853,1.178,0.112,-3.316,14.5833,77.2587,18.352
18.634,12,191.371,194.944,55.992,60.3947,11.5073,13.2653,0.914,0,-3.316,14.516,77.376,18.2533
18.554,12,191.04,194.741,56.096,60.4187,11.524,13.428,1.002,0,-3.512,14.46,77.4907,18.1693
18.486,12,191.083,195.467,56.1893,60.464,11.622,12.012,1.09,0,-3.316,14.3833,77.544,18.1033
18.3907,12,191.147,194.859,56.2053,60.5307,11.5887,13.5573,1.002,0,-3.38133,14.3193,77.6427,18.0247
18.3127,12,192.043,194.859,56.2747,60.6187,11.6867,13.704,1.31,0,-3.18533,14.23,77.776,17.9367
18.21,11.9333,191.563,194.912,56.152,60.6347,11.768,13.428,1.178,0.168667,-3.316,14.148,77.8987,17.828
18.13,11.0667,191.115,195.573,56.0907,60.6507,11.5073,13.5907,0.738,0,-3.25067,14.06,77.9627,17.7793
18.0353,11,191.115,195.413,56.0693,60.7387,11.7033,12.1267,1.266,0,-3.44667,13.9993,77.9173,17.6907
17.956,11,191.563,194.88,56.048,60.7253,11.4427,15.052,0.826,0,-3.38133,13.9233,77.864,17.6
17.8567,10.8667,191.744,195.552,56.0613,60.7653,11.7847,13.6067,0.65,0,-3.316,13.87,77.9253,17.516
17.7927,10,191.115,195.776,56.0293,60.7413,11.6053,13.3467,0.65,0.0933333,-3.25067,13.794,78.4107,17.4533
17.7053,10,191.659,196.021,55.6773,60.576,11.524,13.3467,0.65,0.803333,-3.38133,13.7533,78.9493,17.3633
17.6,10,191.605,197.557,55.6507,60.5333,11.6053,13.672,0.65,0.804,-3.38133,13.684,78.8507,17.27
17.5273,10,192.011,198.347,55.68,60.5387,11.8013,13.5907,0.65,0.276667,-3.17267,13.582,78.7093,17.162
17.4493,10,192.619,198.304,55.76,60.592,11.524,13.5907,0.65,0.401333,-3.38133,13.4973,78.7013,17.038
17.3813,10,193.973,198.421,55.8907,60.688,11.768,13.5093,0.87,0.241333,-3.38133,13.402,78.6987,16.97
17.3167,10,194.315,198.72,56.0133,60.7627,11.4427,12.8587,3.20067,0.044,-3.18533,13.332,78.6533,16.8793
17.2393,10,194.485,198.88,56.128,60.7653,11.6867,14.5973,60.806,0,-3.18533,13.2833,78.568,16.782
17.1533,10,193.899,198.613,56.0933,60.76,11.524,13.8667,446.304,0.213333,-0.962667,13.2467,78.76,16.7087
17.0647,10,195.051,198.571,56.1867,60.816,12.1253,22.8213,612.48,0.132,9.16267,13.166,78.7893,16.6447
17.0067,10,195.296,198.795,56.216,60.8133,21.426,23.8627,612.949,0,41.03,13.0967,78.944,16.5667
16.9593,10,194.773,198.592,56.2933,60.848,21.0667,22.7493,614.997,0.192,125.184,13.0867,78.544,16.512
16.924,9.06667,195.232,199.552,56.472,60.8613,21.0853,22.1453,615.296,0.756,77.24,13.1407,78.0933,16.4733
16.874,9.13333,195.413,199.2,56.616,60.9467,21.3267,23.44,613.803,1.24,33.728,13.2267,77.6667,16.3967
16.84,9.6,195.392,198.709,56.76,60.96,20.84,24.4627,613.632,1.04667,40.692,13.2467,77.6853,16.3833
16.7893,10,196.16,198.069,56.632,60.9893,11.524,23.26,613.12,1.438,15.2047,13.2667,77.6907,16.328
16.7107,10.5333,195.413,196.363,56.5813,60.9173,18.2553,23.44,613.12,1.338,20.6173,13.2233,76.8187,16.26
16.6467,10.2667,194.123,194.688,56.6107,60.8587,21.148,22.964,613.12,1.158,48.8173,13.14,76.464,16.2433
16.5767,10,192.747,194.24,56.5093,60.776,21.0847,23.44,613.12,1.23,74.8613,13.0767,75.8747,16.1627
16.5067,10,191.072,192.587,56.6027,60.7947,21.0033,23.2427,613.12,1.828,86.9013,13.0073,75.0267,16.1267
16.4547,9.86667,189.824,192.672,56.5653,60.72,21.1653,23.2413,613.12,1.90267,140.109,12.9133,75.5867,16.1
16.4367,9.4,189.483,192.245,56.5547,60.5547,20.8227,24.1387,613.12,1.60267,129.563,12.9,76.1387,16.0273
16.3753,9,189.525,191.947,56.4373,60.5387,20.9047,24.3027,613.163,1.98133,130.837,12.87,75.936,16.016
16.354,9.53333,188.843,189.909,56.3253,60.3307,57.2187,125.859,616.085,1.53,643.275,12.9107,75.3387,16.028
16.446,10,187.584,190.4,56.0107,59.5467,62.548,128.883,619.541,2.21067,673.077,13.1967,74.816,16.1667
16.5233,10,187.659,189.931,55.7813,59.112,43.6867,106.88,618.944,2.69067,549.888,13.578,73.1813,16.2973
16.55,10,188.043,190.176,55.7947,59,20.8233,30.3827,616.192,1.81667,135.789,13.788,72.192,16.3207
16.5533,10.1333,187.509,190.123,56.0267,59.3093,27.4953,39.616,614.464,1.91867,209.136,13.7393,71.6853,16.3033
16.648,11,187.435,190.101,55.8667,59.0507,81.4027,142.336,619.029,1.78733,877.013,13.7853,70.4933,16.448
16.8367,11,187.904,189.941,55.5067,58.12,81.5813,142.363,620.779,2.12533,873.813,14.3047,69.792,16.674
17.0127,12.4667,188.651,190.229,55.184,57.6213,81.5627,142.32,621.12,2.408,890.88,14.892,68.136,16.918
17.224,13.7333,188.363,190.624,54.9067,57.1653,81.7627,142.624,621.035,2.66267,898.219,15.45,66.0027,17.1707
17.4173,14,188.779,190.848,54.7413,56.8453,81.4027,142.96,621.333,2.042,898.688,15.9427,64.8213,17.38
17.6373,14,189.173,190.816,54.6027,56.7467,81.424,117.163,621.333,2.43,904.661,16.4213,63.472,17.634
17.8547,14.9333,188.96,191.008,54.32,56.1093,81.5013,113.157,621.12,3.44333,908.075,16.9267,62.2507,17.8813
18.0793,15,189.632,191.147,54.1093,56.0373,81.4213,112.923,620.565,2.80333,901.589,17.3073,59.8693,18.1073
18.282,15.9333,189.867,191.211,54.0507,56,81.3227,112.709,621.12,1.94133,892.843,17.686,59.5253,18.338
18.5073,16,189.952,191.147,54.064,55.4507,81.5013,112.656,621.12,2.686,881.408,18.214,59.136,18.536
18.7173,16,190.24,191.477,53.9413,55.152,81.504,113.243,620.907,3.11,870.613,18.7373,57.8133,18.7487
18.934,16,190.176,191.211,53.9253,54.9733,68.72,112.827,620.608,3.362,851.883,19.1727,56.2667,18.9327
19.118,16,190.133,191.467,54.1173,54.7067,51.392,98.9547,620.48,3.81133,832.384,19.5127,54.9573,19.0947
19.324,16.3333,191.051,191.349,53.608,54.5547,51.488,82.9333,620.48,3.91067,799.573,20.2693,52.1467,19.2633
19.5167,17,190.869,191.488,53.0133,54.0907,51.5707,83.12,619.84,3.584,766.421,20.6187,50.7973,19.3653
19.6867,17,190.667,191.648,52.3387,53.8987,51.736,61.696,619.84,4.002,731.136,20.3873,47.7533,19.4827
19.8447,17,190.933,191.989,51.3333,52.9573,51.6507,53.36,619.712,3.73533,702.251,20.432,49.7067,19.5667
19.9973,17,191.595,191.893,51.5813,53.1227,43.7813,50.5653,620.053,3.3,660.843,20.5187,49.952,19.65
20.1287,17,191.157,192.267,49.6,52.9227,41.4347,42.0213,619.157,3.15267,615.275,20.6093,48.9627,19.7267
20.2307,17,191.307,191.403,47.84,53.024,38.6067,39.3787,618.816,2.79333,571.477,20.5773,48.1413,19.7733
20.3187,17,190.816,190.88,47.7307,52.8187,31.208,32.9467,618.645,2.55333,525.205,20.4933,46.0373,19.8033
20.38,17,189.995,191.659,46.0587,52.2,21.0027,27.9413,618.56,2.22,473.088,20.2573,44.5733,19.8267
20.4033,17,190.165,191.317,45.7787,52.552,21.0033,23.44,618.347,2.012,422.912,19.8833,42.44,19.84
20.41,17,189.675,191.04,43.504,49.872,20.9207,23.44,618.048,2.49267,359.221,19.5407,42.7707,19.84
20.3967,17,189.44,191.264,43.016,49.3387,21.2467,22.5053,617.92,2.882,321.312,19.3033,42.3627,19.8467
20.36,17,189.152,190.645,42.1493,50.024,21.0033,24.512,617.707,1.99733,267.381,19.0593,42.504,19.81
20.316,17,188.587,191.285,41.2853,49.0347,20.8233,23.5213,617.28,2.22267,212.085,18.8367,42.3173,19.7667
20.2667,17,188.139,191.04,41.2107,48.5973,21.0033,23.44,616.64,2.82533,111.685,18.62,41.844,19.7333
20.2133,17,188.64,191.765,41.104,48.2027,20.9213,22.964,615.381,2.37733,24.732,18.4007,42.024,19.696
20.1413,17,189.259,191.413,40.268,48.5093,21.0827,21.8667,614.656,1.80667,19.5,18.208,42.6533,19.62
20.0667,16.8667,189.109,191.072,40.348,48.5387,14.5313,22.1093,614.4,1.48267,10.3473,18.0193,43.12,19.56
20.006,16,189.056,191.008,40.68,48.2027,11.6867,19.1093,614.4,1.73867,1.07933,17.8347,43.2507,19.4767
19.9173,16,189.472,190.976,41.2027,48.2027,11.7033,13.428,320.357,1.44533,-3.708,17.6247,43.2613,19.3773
19.8527,15.8667,190.219,191.595,41.5013,48.1493,11.524,12.5167,20.768,0.723333,-3.708,17.398,43.3893,19.348
19.7653,15,189.632,191.477,41.8213,48.1493,11.6053,13.8827,1.398,1.09,-3.57733,17.1853,43.5547,19.27
19.684,15,189.781,191.349,41.9253,48.112,11.524,13.2653,0.826,1.38733,-3.44667,16.9713,43.7653,19.1487
19.598,14.4667,190.411,191.531,41.9813,48.2187,11.4427,13.2653,1.09,1.05667,-3.512,16.746,43.7627,19.0507
19.5,13.0667,190.411,192.032,42.2107,48.3387,11.768,13.3467,1.266,1.35,-3.38133,16.4927,44.248,18.984
19.4193,13,190.197,191.627,42.3547,48.3493,11.6867,12.7773,1.31,1.122,-3.44667,16.2907,44.624,18.904
19.3333,13,190.101,192.16,42.576,48.3973,11.6867,13.688,1.31,1.156,-3.38133,16.1233,45.0587,18.8153
19.2493,13,189.845,192.501,42.6347,48.584,11.524,13.184,1.31,0.702,-3.44667,15.9613,45.2427,18.702
19.1473,13,190.005,191.797,42.736,48.4347,11.6053,13.3467,1.31,0.468667,-3.44667,15.7913,45.456,18.6033
19.04,12.2667,189.963,191.371,42.936,48.5467,11.524,13.428,1.31,0.807333,-3.38133,15.6093,45.744,18.5347
18.94,12,190.315,192.149,43.0933,48.616,11.6867,12.598,1.31,0.626,-3.38133,15.4507,46.3413,18.43
18.85,11.8,190.027,191.509,43.7173,49.1387,11.524,11.866,1.31,0.163333,-3.38133,15.294,46.8347,18.34
18.7487,11.6667,189.355,191.168,44.6853,49.8507,11.7033,13.46,1.31,0.184,-3.316,15.1387,47.5333,18.25
18.6527,11.4,189.984,191.765,44.8027,49.1067,11.6053,13.0373,1.31,0.186,-3.512,14.94,47.7547,18.138
18.55,11.5333,189.931,191.915,44.664,49.448,11.6867,13.428,1.31,0.377333,-3.316,14.7547,48.2053,18.032
18.4487,11.4667,189.269,191.637,45.2,49.752,11.6053,13.5093,1.31,0.129333,-3.316,14.536,48.72,17.876
18.336,11.7333,189.824,192,45.8427,50.088,11.6053,13.428,1.31,0,-3.25067,14.344,49.4427,17.7667
18.224,11.6667,190.016,192.096,46.168,50.2613,11.6867,13.184,1.31,0.227333,-3.25067,14.1407,49.8747,17.6673
18.1153,11.3333,189.835,191.691,46.6133,50.4933,11.7033,13.3467,1.354,0.22,-3.316,13.9393,50.136,17.58
17.9967,11.5333,190.496,192.64,46.8427,50.6613,11.6053,11.67,1.31,0.137333,-3.25067,13.754,50.5627,17.4707
17.8827,11.9333,190.037,192.416,47.0107,50.792,11.6053,14.1427,1.354,0.854,-3.38133,13.61,50.8827,17.3773
17.7913,11.6,190.368,192.245,47.216,50.8693,11.4427,14.1587,1.354,0.104,-3.18533,13.4547,51.2453,17.26
17.67,11.5333,190.517,193.003,47.4693,50.92,11.6867,13.3467,1.31,0.0386667,-3.18533,13.298,51.7307,17.1313
17.566,11.6,190.027,192.939,48.0133,51.0613,11.7847,12.696,1.31,0,-3.18533,13.144,52.4,17.0287
17.4593,11.3333,190.773,193.749,48.08,51.0907,11.768,13.2973,1.354,0.129333,-3.18533,12.9887,52.768,16.918
17.36,11.3333,191.221,194.048,48.3973,51.216,11.622,14.224,1.31,0.148,-3.25067,12.8607,52.9973,16.7953
17.25,11.0667,190.816,193.024,48.7147,51.36,11.7033,13.5093,1.354,0,-3.18533,12.74,53.4293,16.686
17.13,11.0667,191.147,192.8,48.7173,51.2987,11.524,13.428,1.002,0.0593333,-3.316,12.6467,53.4667,16.5793
17.0247,11.1333,190.528,193.12,48.8,51.3387,11.768,13.5093,1.178,0.121333,-3.18533,12.5767,53.7387,16.454
16.9307,11.2,189.771,192.533,48.84,51.312,11.7033,13.8347,1.31,0.08,-3.38133,12.536,53.9307,16.326
16.8333,11.0667,190.667,191.947,49.1653,51.4587,11.7033,13.2653,1.31,0.178667,-3.12,12.4613,54.6133,16.2367
16.7367,11,190.656,192.939,48.7893,51.1493,11.6053,13.3467,1.31,0.142,-3.12,12.3653,54.368,16.1433
16.6353,11,189.984,192.085,49.0427,51.2133,11.6867,13.996,1.31,0,-3.25067,12.2387,54.5867,16.0687
16.5167,11,189.355,191.488,49.2987,51.2533,11.866,13.0367,1.31,0.212667,-3.18533,12.1067,54.984,15.9633
16.424,11,189.6,191.733,49.3893,51.3067,11.622,13.428,1.31,0.152667,-3.18533,12.0187,55.16,15.868
16.3047,11,189.536,191.424,49.5093,51.3493,11.6053,13.5093,1.222,0.173333,-3.12,12,55.5067,15.748
16.2127,11,189.451,191.52,49.2347,51.1653,11.7847,13.2653,1.178,0.425333,-3.25067,11.9433,55.1013,15.6767
16.1293,10.6667,189.461,191.403,49.3253,51.1707,11.3613,14.1107,1.222,0.399333,-3.10733,11.8867,55.3547,15.5827
16.0387,9.86667,189.205,191.659,49.4107,51.128,11.6053,13.2813,1.31,0.855333,-3.316,11.832,55.688,15.4933
15.934,9,188.469,190.976,49.3547,51.1867,11.524,13.5093,0.914,0.822,-3.25067,11.78,55.9947,15.4027
15.85,9.33333,187.861,190.944,49.4293,51.2133,11.7033,13.0213,1.002,0.659333,-3.25067,11.7267,56.0773,15.3253
15.7493,10,188.363,190.421,49.6213,51.232,11.6053,13.5093,8.56,0.673333,-3.25067,11.68,56.3307,15.2433
15.672,10,188,190.955,49.5973,51.1867,11.7033,13.672,233.985,1.13733,-3.18533,11.6267,56.624,15.152
15.5967,10,187.925,191.243,49.6053,51.2,11.6867,15.5893,612.053,0.582,-0.0646667,11.6067,56.7227,15.0867
15.5007,10,187.339,190.667,49.6027,51.1653,15.59,23.3413,612.48,0.205333,12.9247,11.57,56.7467,15.002
15.4287,10,187.915,190.421,49.576,51.064,21.0673,23.404,613.845,0.748667,58.3853,11.5667,56.5973,14.9533
15.378,10,187.541,190.677,49.6,50.9733,21.068,23.44,615.232,1.84667,101.472,11.6033,57.0453,14.912
15.3367,9,187.915,190.773,49.2907,50.8133,21.228,24.0413,616.299,2.47667,151.573,11.7353,57.216,14.9
15.3167,9.13333,187.723,190.208,49.1867,50.6827,21.2633,29.8867,617.024,1.788,205.269,11.95,56.488,14.852
15.314,10,187.733,189.909,49.3787,50.5867,21.166,41.5533,617.749,2.22733,257.728,12.16,55.728,14.8407
15.3433,10,188.043,190.197,49.08,50.3413,20.742,53.184,618.304,2.25867,310.667,12.4633,55.048,14.884
15.3973,10.5333,188.085,189.877,48.856,50.1733,23.33,75.0027,619.115,2.34067,363.797,12.8567,54.4587,14.9433
15.47,11.3333,187.616,189.28,48.9147,49.9947,31.224,83.28,619.328,2.148,415.424,13.2833,53.8693,15.03
15.5747,12,189.163,190.165,48.5653,49.7413,38.7853,99.4667,619.84,2.87867,464.469,13.7313,53.4,15.1773
15.7053,12.0667,188.619,188.907,48.5173,49.5067,41.3373,112.453,619.883,3.18067,513.387,14.1733,52.7307,15.3193
15.8513,12.7333,188.757,189.899,48.5333,49.304,40.936,105.751,620.224,2.722,493.787,14.6093,52.3227,15.508
15.9827,13,189.376,189.44,48.6613,49.2347,48.708,109.461,619.541,2.54867,541.909,14.9967,51.9733,15.6467
16.1527,13,189.227,189.995,48.4427,49.1227,27.3327,56.3653,618.944,2.32467,286.645,15.3567,51.7067,15.822
16.2613,13.5333,189.867,189.728,48.5893,49.256,23.3127,49.952,617.28,1.794,271.84,15.5433,51.5787,15.95
16.364,14,189.013,190.048,48.6853,49.304,23.7693,54.9787,617.408,1.79133,309.184,15.6273,51.6267,16.054
16.4873,14,189.483,190.709,48.3413,49.2187,36.4267,78.496,617.963,1.77533,441.621,15.8133,51.3653,16.1993
16.642,14,190.187,190.549,48.3973,48.7573,35.6113,70.5547,618.859,2.81867,412.48,16.0607,50.6187,16.364
16.7947,14,190.208,190.219,47.9893,48.5867,55.6847,115.003,620.011,2.09733,652.48,16.348,50.072,16.5433
16.994,14.7333,190.549,190.912,47.9813,48.0533,62.7147,127.101,621.547,2.194,733.408,16.7773,49.2827,16.796
17.1853,15,190.219,190.656,48.2133,48.3067,21.766,53.28,619.2,2.04733,317.76,17.1807,48.336,16.97
17.31,15,190.549,191.147,47.7307,48.352,21.4267,46.4507,617.963,1.468,300.875,17.27,48.0187,17.0933
17.444,15,190.485,191.008,46.2987,47.7893,33.7633,67.6907,618.944,1.48067,413.269,17.42,48.4453,17.2347
17.5413,15,190.315,191.253,46.7413,47.9467,37.0947,63.1813,618.219,1.544,429.461,17.6047,46.7947,17.3367
17.7693,15.1333,190.965,191.477,45.7573,47.1333,97.0907,138.597,622.016,2.344,1028.27,18.0387,46.4827,17.6013
17.982,16,191.573,191.509,46.6747,46.8613,34.184,80.88,620.608,2.68,493.813,18.696,45.0293,17.812
18.18,16,190.784,191.008,46.7227,46.2107,57.3533,95.2373,620.48,2.85267,666.923,19.1007,43.7067,18.0213
18.3353,16.9333,191.52,191.221,47.12,47.584,49.5933,78.2667,619.541,1.71333,609.28,19.2347,44.0213,18.188
18.5547,17,191.157,190.752,46.4213,47.1067,56.3467,85.3787,620.992,2.096,647.797,19.5127,44.48,18.3727
18.69,17,191.371,191.147,46.6587,46.328,36.9013,54.1187,619.456,2.83133,472.181,19.796,43.2507,18.5213
18.86,17,191.381,191.104,45.4827,46.4347,60.8873,85.2427,619.712,2.31,666.677,20.0527,43.6987,18.6567
19.0547,17,191.701,191.36,45.7867,46.624,67.148,98.3733,620.864,2.56067,789.803,20.5153,42.848,18.842
19.2253,17,191.925,191.467,45.9493,46.4187,44.1653,67.3813,619.883,2.614,621.328,21.5107,40.4347,18.9547
19.432,17,191.413,190.965,44.7067,46.2533,51.6533,83.44,620.48,3.52733,789.973,21.6133,39.612,19.1607
19.6227,17.1333,191.68,191.595,43.6613,45.944,51.3067,83.872,620.395,4.16933,731.072,21.4507,34.9307,19.3193
19.788,18,192.032,190.976,44.5973,46.4507,48.9773,57.1013,620.437,3.35067,701.824,21.652,36.6387,19.45
19.9613,18,192.203,191.04,44.536,46.336,45.2613,54.3493,620.437,3.598,666.112,21.828,35.796,19.5627
20.1073,18,191.691,191.2,43.48,46.1227,41.4347,52.0293,620.011,3.85667,647.979,21.884,35.8907,19.6727
20.242,18,192.544,191.819,42.1733,46.4533,33.202,38.4347,619.072,2.70867,468.965,21.8813,35.6627,19.7667
20.3227,18,192.331,191.595,41.4747,46.1893,21.7033,34.852,617.963,2.26533,327.733,21.608,33.7187,19.7933
20.4133,18,191.947,191.52,43.0093,45.392,24.422,32.348,618.176,2.76667,482.059,21.1813,33.648,19.858
20.458,17.2667,191.851,191.147,41.6733,45.048,20.9853,23.44,617.963,2.43933,397.6,20.7813,34.3813,19.902
20.4807,17,191.573,191.168,40.408,43.952,20.8233,23.44,617.877,2.37333,374.357,20.392,34.4147,19.886
20.4767,17,191.445,190.603,39.28,43.576,20.8867,22.0467,617.451,2.65667,321.088,20.0607,35.096,19.874
20.4433,17,191.115,190.624,39.0693,43.072,21.246,23.2427,617.28,2.64933,267.456,19.7487,35.3333,19.8433
20.3933,17,190.56,190.496,38.5707,42.64,21.102,23.08,617.067,2.98933,215.349,19.4753,35.9,19.7933
20.3533,16.2667,190.304,190.923,38.688,42.928,20.8233,23.144,616.171,2.112,106.172,19.244,36.68,19.7667
20.2787,16,190.453,191.328,38.508,42.2533,20.9033,23.2427,615.296,2.158,25.396,19.0333,37.4467,19.7033
20.23,16,190.144,190.613,39.024,42.6133,20.9047,22.8653,614.464,2.22933,18.6027,18.7787,37.6267,19.664
20.1593,16,191.04,190.453,39.0827,42.3653,14.306,22.5853,614.357,2.13733,10.608,18.454,38.0867,19.61
20.0987,16,190.773,190.368,38.8773,42.3493,11.524,19.4027,613.973,1.82,1.58733,18.1953,38.8187,19.5187
20.0267,16,190.453,190.133,38.9773,42.3093,11.426,12.94,434.416,1.31467,-3.57733,18.054,39.5933,19.4567
19.9433,16,190.411,190.933,39.6253,43.2107,11.866,13.28,41.8407,1.46533,-3.57733,17.884,40.0547,19.4
19.8633,15.2667,190.848,191.051,39.768,43.0827,11.5073,13.2653,1.75,1.944,-3.64267,17.6987,40.4613,19.2933
19.7867,14.8667,190.997,190.987,39.9293,43.3493,11.6867,13.6387,0.694,1.48267,-3.57733,17.5253,41.0133,19.25
19.7007,14,190.208,190.421,39.9293,43.2293,11.72,13.184,0.65,1.452,-3.64267,17.3733,41.4747,19.1487
19.61,14,191.147,191.072,40.18,43.2827,11.6053,13.3467,0.65,1.50867,-3.64267,17.1893,41.7733,19.0633
19.54,14,191.307,191.168,40.0933,43.3067,11.6053,13.0213,0.65,1.41867,-3.57733,17.0187,42.1253,19.0027
19.4447,13.6667,190.517,191.264,40.1373,43.4747,11.622,12.37,0.65,1.19467,-3.38133,16.852,42.448,18.9287
19.3733,13,190.475,191.563,40.3427,43.52,11.7033,13.5253,0.694,0.622,-3.708,16.678,42.8747,18.836
19.29,13,190.603,191.189,40.6227,43.704,11.6053,13.184,0.782,0.722667,-3.57733,16.5393,43.2213,18.7733
19.2167,13,191.264,192.128,40.8013,43.8373,11.524,13.6227,0.914,0.416667,-3.57733,16.3727,43.552,18.72
19.122,12.6667,191.221,191.669,41.048,43.9227,11.524,13.1027,1.178,0.336,-3.64267,16.212,43.8693,18.62
19.0227,12,190.443,191.371,41.344,44.1387,11.8827,12.94,1.266,0.231333,-3.64267,16.074,44.1013,18.56
18.958,12,191.115,191.179,41.6267,44.3013,11.6053,12.5967,1.178,0.129333,-3.57733,15.9373,44.4213,18.482
18.89,12.9333,190.581,192.032,42.096,44.6693,11.524,13.5907,1.266,0.127333,-3.44667,15.792,45.3787,18.3853
18.8027,13,190.357,192.117,42.424,44.7707,11.524,13.2653,1.31,0,-3.57733,15.642,45.7867,18.25
18.7227,13,190.891,192.16,42.8667,44.9653,11.6867,13.2653,1.222,0.236,-3.57733,15.4753,46.5973,18.188
18.634,13,191.509,192.512,43.12,44.928,11.7033,13.1027,1.31,0.32,-3.38133,15.2933,46.992,18.0967
18.548,13,191.189,193.024,43.272,45.1093,11.6867,13.2653,1.31,0.342,-3.25067,15.1193,47.6107,18.024
18.4673,12.1333,191.147,192.277,43.6347,45.376,11.6053,13.2,1.31,0.321333,-3.316,15.0247,48.2667,17.9333
18.36,12,191.637,193.269,43.8907,45.456,11.622,13.8667,1.31,0.524,-3.316,14.892,48.456,17.8287
18.274,11.6667,192.096,192.992,43.72,45.3307,11.524,13.2653,1.31,0.146667,-3.18533,14.7613,48.6987,17.7187
18.1667,11.0667,191.008,192.704,44.1147,45.4533,11.6867,13.5093,1.266,0.316,-3.316,14.6733,48.8347,17.6367
18.0833,11,191.765,192.64,44.1573,45.4773,11.4427,12.4353,1.31,0.180667,-3.316,14.574,49.3173,17.556
17.9867,11,191.755,193.067,43.9627,45.3093,11.524,13.98,1.31,0.264667,-3.38133,14.472,49.0533,17.4667
17.8933,11,191.477,192.747,44.0267,45.3333,11.8827,13.1347,1.31,0.658,-3.44667,14.3627,49.6347,17.4067
17.8027,11,191.424,192.395,44.1733,45.3413,11.6867,13.1673,1.31,0.441333,-3.38133,14.2433,49.9867,17.308
17.722,10.4667,191.947,192.373,44.1707,45.4507,11.6867,12.94,1.31,0.606667,-3.18533,14.0227,51.3147,17.236
17.6393,10,191.893,193.461,44.424,45.464,11.524,13.0213,1.31,0,-3.316,13.9033,50.768,17.1333
17.5467,10,191.253,193.056,44.6667,45.5307,11.866,13.5093,1.31,0,-3.38133,13.8333,50.8533,17.0653
17.474,10,191.275,193.184,44.936,45.6347,11.7027,13.3467,1.31,0.138,-3.18533,13.6467,52.024,16.9533
17.3727,9.86667,191.573,194.069,45.1067,45.7253,11.524,13.0213,1.31,0.216667,-3.18533,13.5633,52.5813,16.8787
17.3167,9,191.691,193.845,45.032,45.7067,11.6867,14.3533,1.266,0.0773333,-3.316,13.476,52.3733,16.7867
17.206,9,191.904,194.091,45.0933,45.7467,11.7847,14.0293,1.31,0.145333,-3.38133,13.2987,53.0533,16.7053
17.1013,9.53333,192.661,193.419,45.2613,45.8187,11.6053,14.4187,1.266,0,-3.316,13.1307,53.5707,16.61
17.0107,8.66667,192.427,193.803,45.3893,45.8827,11.4427,14.8573,1.266,0.036,-3.18533,12.9493,54.0827,16.52
16.924,8,192.523,194.496,45.4267,45.936,11.7033,12.6133,1.31,0,-3.44667,12.7887,54.3867,16.4233
16.8567,8,193.205,194.624,45.512,46.0107,11.6867,13.3467,1.266,0,-3.316,12.6573,54.7173,16.3153
16.756,8,193.451,194.592,45.576,46.0507,11.6053,13.3467,1.178,0,-3.18533,12.5073,55.184,16.2
16.6593,8,193.792,196.619,45.632,46.08,11.6053,13.428,1.09,0.0413333,-3.316,12.38,55.96,16.1367
16.5413,8.86667,194.016,197.547,45.68,46.1173,11.524,13.3467,0.914,0.0746667,-3.18533,12.1733,56.656,16.0613
16.446,8.73333,195.819,196.917,45.6507,46.1893,11.7847,13.7533,1.046,0.0853333,-3.18533,12.0967,55.7707,15.9353
16.3473,7,195.787,196.576,45.6213,46.2027,11.524,13.2653,12.82,0.044,-3.25067,12.0127,55.808,15.824
16.254,7,195.648,197.92,45.6347,46.2107,11.6053,13.5093,237.859,0,-3.12,11.8273,56.7333,15.7667
16.1533,7,196.128,198.357,45.6213,46.2373,11.4427,17.7733,611.371,0.406667,1.45733,11.672,56.976,15.682
16.0533,7,197.035,198.549,45.6027,46.248,16.5327,24.8867,612.011,0.282667,18.0793,11.5767,56.696,15.582
15.9727,7,197.035,199.029,45.5627,46.24,21.0847,23.6293,613.333,0.036,57.444,11.478,57.0373,15.496
15.8967,7,196.981,198.475,45.4907,46.2427,20.9853,23.1613,615.211,0,102.517,11.5293,55.7893,15.4267
15.8433,7,196.331,197.856,45.408,46.2133,21.1013,23.5213,616.896,0,151.403,11.7073,54.5333,15.332
15.8167,7,196.437,197.429,45.3173,46.1067,21.246,31.24,618.347,0,206.293,11.9473,53.28,15.324
15.8033,8.86667,196.256,196.779,45.2427,45.976,20.9847,42.152,619.541,0.176667,256.96,12.284,52.12,15.32
15.8267,9,196.416,195.744,45.104,45.8027,21.0847,53.1813,620.096,0.266667,309.643,12.6873,51.2853,15.3333
15.87,9.66667,196.043,195.392,44.96,45.456,23.0213,74.9333,620.907,0.145333,362.965,13.154,50.672,15.4
15.9593,11.2,196.288,194.688,44.776,45.104,31.452,83.36,621.717,0.150667,413.035,13.7127,50.336,15.4887
16.0673,12,195.669,194.229,44.6907,44.8373,38.068,98.9387,622.229,0.764,461.227,14.3293,49.736,15.6447
16.2107,12.6667,196.309,194.571,44.4587,44.512,41.516,113.52,622.315,0.345333,509.419,14.9513,49.3493,15.8047
16.368,14,196,192.864,44.6373,44.2213,41.336,112.656,622.784,0.782,556.928,15.4507,48.0533,15.9987
16.5987,14.1333,196.139,193.728,44.384,43.912,51.8347,138.603,623.04,1.26133,603.819,16.0987,46.6133,16.248
16.8373,15.6,195.84,193.504,44.1467,43.7307,51.752,142.459,623.467,0.928,645.205,16.7307,45.0187,16.5073
17.0607,16,196.053,192.811,44.6853,43.7893,51.7173,142.768,622.997,1.91667,684.501,17.72,42.7213,16.7867
17.3047,16.1333,195.936,191.115,45.2827,43.9627,51.408,142.32,622.656,2.318,726.571,18.0107,43.7333,17.0807
17.5513,17,194.933,189.856,46.128,44.3973,53.3947,142.261,622.315,2.93333,761.088,18.2693,43.624,17.3347
17.8233,17,193.461,189.248,46.1067,44.4107,79.8213,142.464,622.016,2.96933,793.429,18.6127,43.408,17.586
18.1267,17,193.013,189.664,46.0507,44.1787,81.5013,142.603,621.888,2.68867,813.653,19.0127,43.2107,17.8793
18.4453,17.9333,193.461,190.517,45.824,43.896,81.5813,142.304,622.187,2.40067,841.344,19.4187,42.8773,18.1987
18.7287,18.1333,193.643,190.251,45.6507,43.928,81.424,142.768,622.4,2.20533,858.112,19.858,42.432,18.5267
19.016,19,193.632,190.581,45.3787,43.68,81.5013,142.464,622.613,1.79267,873.003,20.3067,41.9387,18.818
19.3307,19,193.941,191.243,44.8667,43.36,81.504,142.165,622.485,2.05733,884.565,20.696,41.096,19.156
19.634,19,194.293,191.456,44.4133,43.0453,81.584,142.128,622.997,1.80867,891.264,21.3253,40.624,19.4693
19.9153,19.5333,194.88,191.317,45.0987,43.5893,81.2427,113.595,622.571,2.65133,895.275,21.6733,38.924,19.762
20.196,20,194.795,192.128,44.1787,43.1787,81.6027,113.008,622.485,1.51267,895.829,22.1613,38.0293,20.0327
20.4893,20,195.019,192.128,44.1653,42.8667,81.384,112.997,622.784,1.928,891.264,22.6547,37.8573,20.3693
20.76,20,195.787,192.608,44.4453,42.536,81.2427,111.781,622.571,2.79333,882.219,23.1973,39.0387,20.6653
21.0093,20,195.957,192.917,44.688,42.0827,81.3813,112.032,620.779,3.788,872.96,23.368,38.6827,20.9493
21.28,20.9333,196.469,193.771,44.8587,42.12,68.8667,112.581,620.48,3.652,856.917,23.396,39.3747,21.188
21.5067,21,196.043,193.589,45.2773,42.3093,51.2373,110.496,620.48,3.20467,837.931,23.476,38.724,21.3947
21.7333,21.3333,196.587,194.325,45.2213,42.328,50.912,83.28,620.139,3.59533,816.64,23.544,37.9773,21.568
21.9293,22,196.459,194.923,45.2587,42.5013,51.1547,83.04,620.139,2.53733,789.291,23.8867,38.364,21.7027
22.1107,22,196.811,195.371,44.8853,42.5067,51.1573,82.176,620.352,2.812,759.808,24.004,38.0747,21.864
22.292,21.7333,197.003,195.147,44.7973,42.6027,51.24,57.12,620.139,2.63133,726.016,24.1507,38.4827,21.9613
22.468,20,197.259,195.371,44.936,42.6267,50.3733,52.504,619.755,2.91267,690.304,24.204,38.6453,22.1
22.6347,20,196.875,195.168,43.088,42.7013,41.3373,47.088,619.328,2.79733,651.499,24.22,38.1813,22.204
22.7813,20,196.992,195.285,42.0267,42.8187,41.516,42.96,619.243,2.55533,610.027,24.224,37.6173,22.2813
22.892,20,196.117,195.072,41.2467,42.8667,37.4027,37.5547,618.987,2.622,565.675,24.1653,37.8413,22.316
22.984,20,195.456,195.2,41.068,42.888,30.508,33.0493,618.688,2.40067,519.701,23.94,36.484,22.38
23.0467,20,196.192,195.403,41.02,42.8053,20.6607,26.7227,618.56,2.79733,469.269,23.556,37.9853,22.4093
23.0947,20,194.805,195.573,40.4133,42.768,20.7407,24.1067,618.432,2.47933,419.712,23.1413,39.1693,22.42
23.0893,20,194.133,195.605,40.2227,42.6667,20.9207,23.3413,618.005,2.23667,367.979,22.7307,39.1667,22.404
23.0693,20,193.877,194.784,40.06,42.448,20.742,22.308,617.92,2.42733,316.523,22.388,40.0053,22.42
23.008,19.8667,194.549,194.805,40.08,42.168,20.742,23.144,617.408,2.72133,263.424,22.0173,39.9707,22.3813
22.96,19.2,193.877,194.613,39.516,42.1707,20.9207,22.668,617.28,1.982,211.072,21.6853,38.5373,22.352
22.8867,19,193.408,194.656,39.0547,42.12,20.7413,22.7667,616.64,1.56533,97.2747,21.3613,38.304,22.2933
22.8013,19,193.323,194.72,38.756,42.2667,20.742,22.372,615.616,1.724,26.7773,21.1307,38.8733,22.24
22.732,19,194.304,195.019,38.8987,42.2267,20.84,22.8307,615.36,0.430667,18.9653,20.904,39.9213,22.1587
22.644,19,194.112,194.432,39.5827,42.1867,15.8313,23.324,615.296,0.0386667,10.1387,20.6813,41.3907,22.092
22.5707,19,194.325,194.123,39.9973,42.2133,11.2467,19.644,614.656,0,1.65267,20.438,41.944,22.0227
22.484,18.2667,193.792,194.421,40.1427,42.3787,11.7033,13.1993,472.587,0,-3.56467,20.194,41.84,21.9573
22.4187,18,193.941,194.987,40.288,42.504,11.328,12.9233,54.8907,0.036,-3.708,19.9367,42.0267,21.864
22.3307,17.0667,194.112,194.005,40.7653,43.0373,11.3447,13.1027,2.146,1.05867,-3.904,19.7247,43.9333,21.7987
22.2267,17,194.368,194.613,40.8493,42.832,11.328,13.1027,0.694,0.0493333,-3.708,19.554,44.0693,21.6933
22.1413,16.6667,194.944,194.944,41.016,42.824,11.23,12.9393,0.65,0,-3.708,19.352,44.344,21.6
22.068,16,195.541,195.957,41.232,43.1707,11.2133,13.0373,0.65,0.504,-3.708,19.1613,45.176,21.528
21.984,16,195.883,196.512,41.3973,43.288,11.4427,12.7607,0.65,0.497333,-3.77333,18.9687,45.7493,21.416
21.8933,16,196.107,197.835,41.632,43.4853,11.426,13.2813,0.65,0.653333,-3.64267,18.7773,46.0373,21.316
21.8213,16,197.408,199.093,41.792,43.5573,11.426,13.2807,0.65,0.547333,-3.77333,18.5747,46.384,21.22
21.7093,15.3333,197.76,198.635,42.008,43.664,11.5407,12.696,0.65,0.445333,-3.512,18.3633,46.768,21.108
21.6013,14,197.728,199.168,41.8827,43.5493,11.524,13.004,0.65,0.589333,-3.512,18.1553,47.1893,21.0027
21.4987,14,198.485,200.107,42.2347,43.68,11.5073,13.1027,0.65,0.519333,-3.708,17.9767,47.6667,20.9
21.3907,14,198.581,200.149,42.3067,43.664,11.7033,12.9387,0.65,0.634667,-3.64267,17.7673,48.0133,20.788
21.2693,14,199.029,200.448,42.8133,43.728,11.5073,12.94,0.694,1.28133,-3.512,17.5687,48.1813,20.6613
21.148,13.0667,199.392,199.595,42.8133,43.7093,11.524,12.6793,0.65,0.616667,-3.708,17.36,48.1387,20.56
21.0267,13,198.507,198.837,42.6747,43.6187,11.4093,13.1187,0.738,0.589333,-3.708,17.168,47.9333,20.4507
20.8973,12.0667,198.581,198.08,42.2053,43.5067,11.3447,12.94,0.914,0.568,-3.708,16.994,47.896,20.2973
20.7973,12,198.219,198.272,41.9147,43.384,11.7033,12.5167,1.046,0.0773333,-3.44667,16.8193,47.9413,20.2133
20.704,12,197.632,197.824,42.3147,43.4213,11.426,13.6227,1.88067,0.234,-3.64267,16.666,48.8293,20.102
20.5813,11.2667,197.664,198.56,42.3147,43.376,11.6053,13.1027,1.09,0.100667,-3.57733,16.5073,49.3493,19.9693
20.4913,11,197.472,198.251,42.6053,43.4213,11.2633,12.7607,1.134,0,-3.44667,16.358,49.8053,19.882
20.39,11,197.632,198.464,42.696,43.4453,11.5073,13.216,1.134,0.188,-3.512,16.23,50.1813,19.8067
20.2707,11,197.685,198.528,42.7067,43.456,11.6053,13.1027,1.266,0.314667,-3.512,16.098,50.2773,19.7033
20.176,11.2,198.016,198.251,42.744,43.4667,11.3447,12.858,1.134,0.129333,-3.38133,15.9673,50.304,19.6033
20.0813,11.8,197.355,198.101,42.7413,43.5013,11.5887,12.94,1.266,0.078,-3.512,15.8473,50.3307,19.494
19.9807,12,197.696,196.96,42.768,43.56,11.6053,12.5,1.134,0,-3.512,15.7033,50.4373,19.4067
19.87,11.3333,197.355,197.909,42.9173,43.5627,11.6867,13.0213,1.178,0.036,-3.512,15.5327,51.2107,19.328
19.7693,11,196.992,197.141,43.1653,43.5867,11.6053,12.5167,1.222,0.444,-3.316,15.3507,52.4427,19.2427
19.664,11,197.504,198.688,43.392,43.5973,11.524,13.5093,1.09,0.681333,-3.38133,15.098,53.9413,19.1313
19.5407,10.5333,197.92,200.011,43.456,43.5947,11.524,13.0213,1.134,1.30933,-3.44667,14.8613,55.384,19.018
19.424,10,197.984,199.552,43.3787,43.6693,11.6053,13.964,1.134,0.832667,-3.25067,14.7233,55.4213,18.8727
19.3187,10,198.507,198.592,43.352,43.7627,11.524,13.1027,1.266,0.623333,-3.512,14.6733,55.0347,18.75
19.2167,10,197.92,198.112,43.32,43.9227,11.6053,12.8573,1.266,0.0493333,-3.38133,14.5913,54.3787,18.6607
19.0893,10,197.013,198.176,43.32,43.9467,11.7033,13.184,1.178,0.0953333,-3.25067,14.4647,54.8613,18.544
18.9873,10,197.312,198.112,43.336,43.9067,11.5887,12.94,1.266,0.364,-3.316,14.3667,55.28,18.46
18.8833,10,197.376,198.187,43.3413,43.9813,11.866,13.5733,1.134,0.106667,-3.12,14.226,55.7707,18.3587
18.77,10.8,197.291,199.531,43.3653,43.992,11.3613,13.8507,1.222,0,-3.38133,13.8707,57.2773,18.2447
18.67,10.3333,198.859,201.12,43.3947,44.088,11.7033,13.1027,1.09,0,-3.25067,13.66,57.424,18.1267
18.5633,10,198.848,200.693,43.3493,44.088,11.622,13.3467,1.134,0.08,-3.042,13.5933,57.6,18.036
18.4493,10,198.987,199.819,43.2667,44.0427,11.866,13.2653,0.87,0.434667,-3.25067,13.5993,58.1813,17.9467
18.3327,9.06667,199.275,200.373,43.2747,44.0853,11.6867,12.8587,1.046,0.259333,-3.38133,13.576,58.3307,17.8267
18.224,9,198.763,200.608,43.3307,44.2587,11.7033,13.6227,1.794,0,-3.25067,13.45,58.0293,17.7333
18.1113,9,198.965,200.48,43.2667,44.192,11.5073,13.8827,26.6087,0.391333,-3.25067,13.3687,58.6027,17.6147
17.99,9,200.32,201.387,43.2133,44.0747,11.866,13.5093,380.475,0.934667,-3.01667,13.3167,59.5147,17.4933
17.89,8.46667,200.395,201.259,43.2293,44.144,11.4427,17.6067,612.224,0.297333,2.68,13.2633,59.5893,17.4167
17.796,8,200.128,201.696,43.2747,44.2667,18.5793,22.7027,612.779,0.410667,23.002,13.2133,59.408,17.3193
17.7287,8.73333,200.64,201.931,43.384,44.4347,21.0673,23.44,614.763,0,65.8187,13.1967,58.9893,17.2333
17.65,9,200.459,201.141,43.1867,44.2293,20.9213,23.44,616.341,0.3,108.992,13.28,58.9627,17.1573
17.608,9,199.605,200.245,43.2533,44.2827,20.9853,23.44,617.28,0.0906667,157.749,13.4153,59.8453,17.0767
17.5767,9,199.787,200.725,43.5947,44.4053,21.3273,31.3547,618.773,0,208.395,13.6187,56.9893,17.056
17.568,9,200.373,201.525,43.784,44.3467,21.2473,44.3573,619.968,0,258.805,13.928,55.072,17.0867
17.604,9,200.096,201.035,43.824,44.1573,21.1647,53.688,620.864,0,309.451,14.286,54.544,17.11
17.6427,9.6,200.651,200.107,43.776,43.8667,22.8247,79.296,621.675,0,360.683,14.7333,54.3333,17.1507
17.7447,12.6667,200.277,199.221,43.8187,43.496,31.3867,83.0133,621.973,0.234,411.328,15.2407,54.4427,17.244
17.8233,14,199.797,197.824,43.7653,43.216,37.468,101.232,621.888,0.58,459.989,15.806,55.3227,17.3753
17.9613,14.7333,200.299,197.525,43.816,42.9307,41.436,113.061,621.973,1.48067,507.477,16.29,55.8987,17.512
18.1107,15,199.829,197.877,43.7387,42.7893,36.8653,92.1733,621.248,1.03333,449.259,16.8473,56.3067,17.6973
18.2967,15.3333,199.531,197.344,43.8507,42.7333,42.0773,119.728,621.163,1.08333,542.112,17.2867,56.1013,17.8407
18.51,16,199.072,197.205,43.728,42.6907,51.504,140.981,622.357,1.362,690.304,17.684,55.8827,18.0993
18.7433,16.1333,199.413,196.491,43.4827,42.776,57.4747,141.829,622.272,1.78133,712.341,18.264,55.5253,18.3767
18.9867,17,198.944,196.725,43.344,42.792,76.12,142.48,622.315,1.63733,752.213,18.7353,55.0693,18.6707
19.2547,17,198.88,195.765,43.3547,43,81.0827,142.608,622.4,2.06467,793.6,19.178,54.8747,18.9833
19.5087,17,198.965,195.755,43.3307,43.1147,65.0707,127.149,621.717,1.77133,702.261,19.5693,54.88,19.2633
19.7267,17,198.752,195.883,43.464,43.224,70.336,127.612,621.248,2.088,760.736,19.7947,55.1813,19.5507
19.9967,17,198.944,195.52,43.552,43.4107,74.8147,133.616,621.931,1.496,816.917,20.0907,55.28,19.8533
20.2787,17.2,198.347,195.392,43.5973,43.5547,76.6187,138.395,621.973,2.23533,866.987,20.4747,55.3093,20.154
20.5187,17.9333,198.603,195.232,43.68,43.512,73.5173,129.072,621.376,2.38467,795.392,20.7,55.8133,20.4287
20.7333,18,198.624,194.443,43.7813,43.7493,71.876,126.089,621.077,2.93267,806.389,20.904,55.92,20.704
20.9667,18,198.048,194.411,43.8987,44.2827,77.06,136.037,621.035,2.78733,895.936,21.1573,55.8267,20.932
21.2133,18,197.856,194.955,43.8987,44.3413,78.84,131.917,621.077,2.95667,895.317,21.4787,55.6587,21.212
21.4693,18,197.792,194.944,43.9493,44.392,81.0827,110.752,620.907,2.874,904.021,21.7867,54.848,21.4533
21.7173,18,197.792,194.549,43.9973,44.544,81.0027,114.107,620.736,2.60533,914.603,22.0733,54.3093,21.6907
21.9067,18,197.664,194.816,43.9653,44.5067,68.9147,112.5,620.736,2.76667,839.776,22.144,54.3733,21.896
22.1067,18,197.536,195.349,44.096,44.952,79.9813,111.941,620.565,2.79867,882.901,22.404,53.704,22.0853
22.2853,18,196.832,194.752,44.168,45.0747,63.7693,102.992,620.224,2.64867,796.651,22.5227,53.072,22.2667
22.4613,18,196.715,195.499,44.3013,45.1813,55.5867,99.0053,620.011,2.91667,757.717,22.632,52.9973,22.3973
22.6187,18,197.344,195.083,44.4853,45.4027,53.336,86.9627,619.84,3.27,801.259,22.7653,52.7573,22.5187
22.7947,18,197.472,195.008,44.832,45.6373,50.8107,82.88,619.84,3.134,789.163,22.9667,52.8053,22.592
22.94,18,197.621,195.168,45.2107,45.9573,44.992,70.4027,619.413,2.792,666.88,23.0427,52.3733,22.7227
23.0707,17.4667,197.632,195.488,45.5893,46.072,44.0307,69.724,619.797,3.11467,656.064,23.0013,53.0907,22.8093
23.2173,17,196.864,194.933,45.9787,46.1547,42.6453,68.3013,619.925,2.68133,655.595,23.008,53.3227,22.8893
23.324,17.7333,196.917,194.645,46.4373,46.4027,36.4967,57.336,619.413,2.902,506.208,22.932,53.68,22.952
23.3947,18,197.195,194.528,46.9573,46.6,44.01,50.3227,619.243,2.76667,629.173,22.7413,54.6107,22.9747
23.4987,18,196.181,195.136,47.2773,46.8027,34.3953,42.9067,619.328,2.494,460.859,22.656,55.4267,23.0293
23.5413,18,195.477,195.573,47.8693,47.2133,25.168,40.3347,618.005,2.53333,330.176,22.372,55.736,23.048
23.5547,18,195.317,195.189,48.2427,47.448,23.606,36.2693,618.048,2.37933,332.629,21.952,56.6613,23.048
23.552,18,195.147,195.083,48.4773,47.7067,22.5653,32.6893,617.493,2.23067,254.843,21.62,57.2427,23.0147
23.544,18,194.325,194.976,48.6667,47.8347,22.1407,31.9067,617.493,1.95467,384.197,21.3,57.944,23.004
23.524,18,194.08,194.507,48.7093,47.928,20.8227,25.2073,617.28,2.03533,231.488,21.0307,58.8827,22.9787
23.492,18,193.845,194.187,48.84,48.1253,20.8227,24.948,617.109,2.11533,220.773,20.7973,59.5653,22.928
23.4253,18,193.12,194.677,49.0347,48.512,20.742,23.2253,616.64,1.398,184.293,20.5747,60.0107,22.8653
23.372,18,193.845,194.005,49.1333,48.4853,20.7427,22.506,615.915,1.80667,57.552,20.392,60.5333,22.8013
23.316,17.0667,193.888,193.259,49.2293,48.7787,20.742,23.0107,615.36,1.21933,46.268,20.1293,61.0773,22.7027
23.232,16.6667,193.696,193.291,49.32,48.904,20.7407,23.092,614.912,1.07267,28.9507,19.9233,61.624,22.628
23.148,16,192.651,194.144,49.3413,49.1173,17.1333,23.2427,614.4,1.29667,14.736,19.632,62.2347,22.5187
23.0413,16,193.365,193.205,49.528,49.3333,11.2947,19.92,612.693,1.09,2.10867,19.3833,62.832,22.408
22.936,16,192.992,193.088,49.6107,49.5227,11.5073,13.1027,306.496,0.677333,-3.22533,19.1673,63.128,22.312
22.82,15.8667,193.493,194.123,49.7387,49.7307,11.2467,13.1833,32.052,0.614,-3.77333,18.9193,63.5627,22.204
22.7173,15,193.472,194.496,49.6987,49.7707,11.4907,12.842,1.574,0.718,-3.708,18.6553,64.32,22.1027
22.5853,15,193.365,195.115,49.8107,50.0533,11.328,12.94,0.65,0.349333,-3.57733,18.4293,64.6053,21.976
22.484,15,193.493,195.211,49.7653,50.12,11.426,13.1833,0.65,0.492667,-3.44667,18.1987,65.0667,21.884
22.36,15,194.048,194.752,49.7067,50.152,11.3447,12.94,0.65,0.412667,-3.57733,18.006,65.2853,21.7493
22.2293,15,193.248,193.995,49.7307,50.3013,11.426,12.842,0.65,0.235333,-3.64267,17.796,65.5467,21.648
22.124,15,193.931,194.944,49.5893,50.3253,11.5073,12.94,0.65,0.036,-3.512,17.606,65.9013,21.516
22.008,15,193.643,194.592,49.2507,50.304,11.524,12.8587,0.65,0.475333,-3.77333,17.44,66.1947,21.4333
21.8987,15,192.96,194.027,48.8053,50.2827,11.328,13.184,0.65,0.0746667,-3.44667,17.2827,66.6613,21.3093
21.784,14.5333,193.611,194.944,49.0427,50.4107,11.328,12.5807,0.65,0,-3.64267,17.138,66.8987,21.2067
21.664,14,193.163,194.368,48.9413,50.424,11.3447,13.1027,0.65,0,-3.64267,16.9967,67.1173,21.08
21.5347,14,192.501,194.059,48.7867,50.408,11.426,12.9393,0.65,0,-3.708,16.8667,67.3493,20.9947
21.4373,14,193.952,195.477,48.6187,50.448,11.6867,12.94,0.65,0,-3.512,16.738,67.7227,20.8787
21.3133,14,193.493,195.413,48.696,50.5067,11.7033,12.7607,0.65,0,-3.64267,16.5987,68.064,20.8013
21.1867,14,193.419,195.701,48.584,50.456,11.426,13.5253,0.65,0,-3.38133,16.4573,68.216,20.6973
21.0613,14,194.165,195.851,48.3333,50.456,11.6053,12.7607,0.65,0,-3.512,16.3527,68.512,20.5987
20.9573,14,193.717,195.755,48.0667,50.5173,11.524,13.704,0.65,0,-3.38133,16.2567,68.6107,20.5047
20.8613,14,194.389,195.317,48.0693,50.5067,11.6053,13.1027,0.65,0,-3.44667,16.2,68.7307,20.3833
20.7493,14,194.987,196.459,47.7067,50.4773,11.622,13.0213,0.65,0,-3.44667,16.1253,68.832,20.2833
20.6613,13.1333,194.421,196.608,47.0613,50.3813,11.6053,12.5327,0.65,0.118667,-3.38133,16.08,69.44,20.196
20.5627,13,195.541,198.091,47.728,50.632,11.7033,13.0213,0.65,0,-3.512,16.0347,69.032,20.0667
20.4587,12.5333,195.243,198.048,47.5653,50.68,11.6053,13.0213,0.65,0.176,-3.512,15.9693,69.488,19.9867
20.37,12,196.011,198.443,47.3947,50.608,11.524,13.362,0.65,0.0826667,-3.38133,15.8913,69.5893,19.908
20.2747,12,196.576,198.037,46.824,50.4667,11.866,13.184,0.65,0,-3.44667,15.8807,69.7573,19.8133
20.176,12.2667,197.248,198.923,46.8,50.448,11.6053,13.0213,0.694,0.308,-3.316,15.8887,70.1147,19.7147
20.1,12.8,197.291,198.443,47.064,50.6453,11.5073,13.2653,0.65,0,-3.44667,15.8807,70.2133,19.6293
20.02,12.9333,197.131,198.421,47.3573,50.912,11.622,13.2,0.65,0,-3.316,15.8467,70.1787,19.56
19.9353,12.0667,197.536,198.987,47.0293,50.7413,11.6053,13.2653,0.65,0.044,-3.512,15.804,70.6773,19.4613
19.846,12,197.728,199.541,47.1067,51.024,11.6053,13.3467,0.65,0,-3.57733,15.7513,70.616,19.3813
19.772,12,197.76,200.768,47,51.0133,11.524,12.5,0.65,0,-3.316,15.69,70.7893,19.332
19.6987,12,198.624,201.621,47.248,51.136,11.6867,14.1427,0.65,0,-3.38133,15.6207,71.0027,19.2767
19.62,12,200.416,202.731,47.344,51.1867,11.7033,13.2653,0.65,0,-3.12,15.5667,71.1627,19.18
19.54,12,200.651,202.336,46.888,51.0533,11.524,12.7273,0.65,0.160667,-3.38133,15.5267,71.456,19.12
19.4527,12,201.12,204.427,46.632,50.952,11.524,13.2653,0.65,0.290667,-3.44667,15.502,71.9413,19.0153
19.37,12,201.451,205.024,46.8,51.096,11.524,13.2653,0.65,0.181333,-3.57733,15.5,71.856,18.942
19.3127,12,201.547,204.779,46.9627,51.3413,11.6053,14.4027,0.65,0,-3.57733,15.464,71.632,18.8773
19.2373,12,202.123,203.968,46.968,51.352,11.7847,13.3467,0.65,0.111333,-3.64267,15.4067,71.5813,18.7753
19.1733,12,202.496,205.408,47.0987,51.5467,11.6867,12.744,0.694,0,-3.512,15.38,71.5493,18.7467
19.1033,12,202.645,205.504,47.4213,51.6853,11.6053,14.4027,0.694,0.15,-3.44667,15.3433,71.8587,18.684
19.03,12,202.592,205.12,47.5253,51.7653,11.622,13.1027,0.738,0,-3.708,15.2993,71.864,18.6
18.9547,12,202.827,204.533,46.712,51.2667,11.524,13.3467,1.09,1.09533,-3.44667,15.2927,72.208,18.5433
18.9033,12,203.403,205.909,47.1867,51.6107,11.5073,12.956,3.24467,0.405333,-3.316,15.316,72.6667,18.492
18.84,12,203.093,206.091,47.3013,51.896,11.622,13.428,52.068,0.197333,-3.38133,15.2773,72.696,18.4167
18.7893,12,203.136,205.579,47.4293,51.9467,11.4427,13.428,368.373,0.187333,-1.11867,15.2467,72.944,18.328
18.7133,12,203.456,205.92,47.44,51.832,11.524,15.5253,612.373,0.234,4.02,15.2067,73.0427,18.31
18.6653,12,203.563,205.632,47.7227,52.0587,14.7927,23.44,613.76,0.0413333,15.6993,15.2033,72.752,18.2433
18.6233,12,203.947,205.429,47.8053,52.0507,21.166,23.2427,613.76,0,28.468,15.2367,72.376,18.216
18.5613,12,203.552,205.216,47.8613,52.0667,21.002,23.3413,614.272,0,38.96,15.2893,72.0427,18.1647
18.5267,12,203.328,204.587,47.6533,51.9467,20.9207,23.44,614.4,0.078,70.8107,15.3387,72.2373,18.14
18.5167,12,203.413,204.928,47.7013,51.992,20.986,23.44,615.104,0,99.9573,15.4173,71.992,18.11
18.5067,12,203.488,204.587,47.928,52.152,20.986,23.44,615.616,0.163333,136.064,15.5433,71.736,18.1067
18.5133,12.0667,203.307,204.256,48.4,52.3627,21.182,25.3427,616.043,0.609333,164.155,15.714,71.4507,18.0867
18.5133,12.9333,202.379,203.115,48.4507,52.3973,21.002,35.0467,616.64,0.555333,208.789,15.9,70.7787,18.12
18.536,13,202.869,203.093,48.3307,52.2933,21.0847,38.1893,616.683,0.634,218.72,16.086,69.9867,18.1567
18.564,13.4667,202.923,202.773,48.7067,52.1387,20.9047,44.432,617.152,0.75,226.176,16.3187,69.192,18.2033
18.6093,14,202.336,201.632,49.1893,51.7253,25.4107,64.5813,617.707,1.072,345.44,16.568,68.7067,18.2907
18.6873,14.1333,202.315,200.277,48.7093,51.0933,40.2867,101.795,619.925,1.11,492.096,16.9387,67.8,18.448
18.8027,14.9333,202.485,200.085,48.344,50.7173,28.3933,79.9147,620.096,1.14733,388.16,17.43,67.424,18.614
18.9,15.0667,201.952,200.352,48.5973,50.7493,25.088,66.3467,619.371,0.745333,361.451,17.8527,66.8533,18.73
19.0333,16,201.408,199.008,48.6907,50.7573,36.216,98.72,620.651,0.829333,476.117,18.2553,66.44,18.8727
19.2213,16,200.949,199.36,48.6,50.5227,49.2547,113.872,621.888,1.09133,596.245,18.7607,65.7867,19.0807
19.438,16.9333,200.885,198.987,48.6613,50.32,53.5813,124.768,622.357,1.76467,639.36,19.4587,63.5813,19.3387
19.6887,21.4667,199.968,197.963,49,50.1867,56.5707,127.131,622.613,3.57733,692.821,20.3167,56.296,19.6147
19.9513,22,198.773,196.363,48.808,49.9733,52.936,115.728,621.931,3.50867,632.939,21.136,51.8613,19.8913
20.232,22.1333,198.283,195.349,48.5387,49.6907,77.2547,146.181,623.04,4.40733,898.112,21.8747,49.7947,20.2293
20.548,24,196.853,194.987,48.2747,49.2133,70.3787,140.827,623.509,4.21067,910.741,23.1187,42.7227,20.626
20.8133,24,195.915,193.515,48.0293,49.008,32.0013,55.1613,621.291,4.42267,369.525,23.8533,42.2667,20.908
20.992,24.9333,195.392,193.525,48.0427,49.1573,44.3887,66.1667,620.139,2.78933,451.403,23.744,46.8373,21.0733
21.264,25,194.603,193.824,47.8107,48.7067,81.1013,142.8,622.272,4.32267,924.715,24.3787,40.8613,21.3707
21.6093,25,193.749,193.675,47.04,48.0133,81.5227,140.315,622.997,4.69333,943.147,26.484,30.66,21.7173
21.912,25,193.312,193.579,46.7573,47.528,77.8187,122.085,622.869,4.28067,923.008,26.496,30.5293,22.0427
22.2067,25.5333,193.28,193.013,46.0613,47.2587,79.2,113.088,622.699,4.51533,913.877,26.8227,28.6827,22.3547
22.4853,25.8,193.024,192.949,46.1813,46.904,65.6107,92.968,622.4,4.70733,749.461,26.9853,36.2267,22.644
22.7667,25.0667,193.003,193.376,45.2453,46.768,56.48,109.149,622.187,4.22067,832.789,27.1253,34.7493,22.88
23.0467,25.2667,192.971,193.643,44.6907,45.824,49.676,109.485,622.357,4.542,817.259,27.36,32.3253,23.164
23.3013,25.7333,192.853,193.003,44.6987,45.5013,49.4987,90.3267,622.101,5.194,813.707,27.6613,26.6413,23.408
23.5053,26,192.971,193.013,44.4933,44.976,46.456,70.96,621.76,4.57533,726.027,27.9667,26.6653,23.584
23.7307,26,193.205,193.269,44.192,44.192,49.1587,79.4,621.675,5.07067,751.605,27.9747,30.0013,23.8
23.968,25.5333,192.896,192.8,43.0933,43.6453,50.992,65.032,621.504,4.888,724.651,28.004,28.0707,23.984
24.172,25,193.803,193.301,43.5547,42.9253,45.212,52.96,621.291,3.86333,701.44,28.5093,29.568,24.124
24.368,25,193.76,193.557,42.3173,42.744,40.0347,48.132,621.291,4.23133,623.445,29.608,24.3973,24.2653
24.5107,25,193.824,193.173,41.88,42.376,36.328,40.2587,620.907,4.632,556.693,29.908,22.6593,24.3707
24.636,25,193.749,193.259,41.4107,41.236,28.148,36.156,620.011,4.70267,470.011,29.3587,22.2607,24.4707
24.768,25,193.952,192.907,40.7747,41.0653,24.2267,32.5907,620.224,3.83533,523.861,29.1013,22.788,24.536
24.8813,25,193.483,193.067,39.8947,40.3253,20.6593,27.9547,619.883,4.082,456.501,28.3667,23.5467,24.6053
24.968,25,192.736,193.131,40.1107,39.936,20.7253,22.848,619.84,4.334,421.419,27.5173,23.972,24.6507
25.032,25,192.917,193.216,39.4107,39.532,20.8407,22.9467,619.84,5.04,370.859,26.86,23.48,24.688
25.08,25,192.64,193.067,38,38.6707,20.66,23.3067,619.413,4.12067,315.104,26.4493,24.7907,24.724
25.092,25,192.619,193.408,37.968,38.6893,20.8227,22.8653,619.2,4.10133,261.675,26.1213,25.6493,24.732
25.092,24.7333,192.395,192.501,37.4667,39.3773,20.8233,22.9467,618.901,4.328,209.621,25.8013,26.2773,24.7347
25.096,24,192.149,192.672,36.6267,38.54,20.742,22.93,617.963,4.35067,88.3853,25.4213,25.892,24.7347
25.088,24,191.968,192.832,36.22,38.5853,20.8233,22.488,617.28,3.76267,32.284,25.1333,27.3747,24.7147
25.06,24,191.659,192.405,36.532,38.7733,20.5453,22.552,617.109,3.92667,23.768,24.816,27.5347,24.684
25.02,23.1333,191.04,192.064,35.74,38.9467,15.5553,23.1267,616.725,4.08667,14.6067,24.5013,28.36,24.64
24.9573,23,190.773,191.573,35.1293,39.0267,11.3447,20.424,616.64,3.754,4.03333,24.1813,28.612,24.584
24.892,23,190.88,192.693,35.3027,38.7013,11.034,13.1187,457.259,2.66333,-3.552,23.8707,29.812,24.5093
24.812,22.3333,191.851,192.672,35.5253,38.728,10.74,13.0213,55.15,2.864,-3.96933,23.6093,30.192,24.4453
24.756,22,191.829,192.64,36.148,38.9773,11.0507,13.1027,2.18933,3.96867,-3.904,23.284,30.764,24.388
24.68,21.9333,191.531,191.904,36.1467,38.5973,11.1487,12.6793,0.65,3.66733,-3.96933,23.068,31.4733,24.2933
24.6173,21.2,191.755,192.629,35.6893,38.428,11.1153,12.9393,0.826,3.368,-4.03467,22.8933,31.7333,24.236
24.5373,21,192.587,193.109,35.7987,38.3053,10.9527,13.1187,0.87,2.68467,-3.96933,22.74,32.36,24.1627
24.4867,21,192.32,192.597,36.5773,38.4707,11.23,12.3207,1.134,2.43533,-4.03467,22.592,33.056,24.1067
24.4333,21,191.893,191.659,37.2787,38.5507,11.3447,13.0213,0.87,2.84667,-3.904,22.4693,34.824,24.024
24.3693,20.1333,191.456,191.552,37.6733,38.7547,11.4093,13.0213,0.826,2.57133,-4.16467,22.3533,35.688,23.9787
24.3,20,191.979,192,37.7413,38.944,11.3447,12.858,0.694,2.16667,-3.904,22.2147,36.9173,23.904
24.228,20,191.179,192.565,38.0013,38.636,11.328,13.1187,0.65,1.588,-3.904,22.0213,37.9493,23.816
24.144,19.9333,191.381,192.448,37.708,38.72,11.132,12.5813,0.65,1.702,-3.96933,21.7587,38.7747,23.7293
24.0573,19,191.787,192,37.8493,39.036,11.524,12.8587,0.65,1.33467,-4.03467,21.504,39.5813,23.664
23.9733,18.3333,191.787,192.128,38.1267,39.276,11.2133,12.9233,0.65,1.79,-3.904,21.2413,40.4187,23.5653
23.9,18,191.531,192.693,38.388,39.4987,11.1487,13.0367,0.65,1.38533,-3.83867,21.0173,41.1867,23.5053
23.8067,18,190.325,192.48,38.724,39.7147,11.23,12.598,0.65,0.942,-3.83867,20.7547,41.7413,23.408
23.716,18,190.251,192.149,39.264,39.8653,11.1153,13.2813,0.65,1.348,-3.96933,20.5933,42.128,23.32
23.6067,18,191.189,192.405,39.3467,40.028,11.5073,12.4347,0.65,1.61,-3.83867,20.4707,42.4133,23.244
23.5227,17.0667,190.912,192.501,39.4787,40.208,11.3447,13.3787,0.65,1.88467,-3.77333,20.3467,42.9947,23.1187
23.4253,17,190.699,191.915,39.7387,40.2867,11.426,13.102,0.65,1.97867,-3.64267,20.2253,43.3733,23.056
23.344,17.8667,191.403,191.776,39.872,40.4827,11.5887,12.94,0.65,1.948,-3.83867,20.0793,43.4667,22.9427
23.252,18,190.443,191.947,39.9573,40.5907,11.5073,12.8413,0.65,2.19067,-3.904,19.916,43.7413,22.8613
23.156,17.1333,190.357,191.787,40.0667,40.6493,11.426,13.184,0.65,1.892,-3.83867,19.7773,44.0107,22.76
23.0507,17,190.933,191.733,40.04,40.7013,11.3447,12.76,0.65,1.53467,-3.57733,19.6567,44.1093,22.68
22.964,17,190.325,191.296,40.044,40.784,11.5073,12.6793,0.782,1.182,-3.708,19.5107,44.472,22.5813
22.8787,17,189.483,192.149,40.2067,40.8187,11.4093,13.2813,0.738,0.998,-3.512,19.3673,44.336,22.488
22.7827,17,190.24,191.968,40.4293,40.8853,11.426,12.3373,0.65,0.352667,-3.64267,19.1833,44.4053,22.4067
22.7013,17,190.08,191.467,40.6613,40.8933,11.2467,13.6227,0.65,0.199333,-3.708,19.0053,44.8933,22.3267
22.5933,17,189.632,191.957,40.6093,40.98,11.7033,12.94,0.914,0.538,-3.64267,18.844,44.3707,22.228
22.5107,16.9333,189.504,191.989,40.5893,41.016,11.4093,13.2807,0.914,0.708667,-3.83867,18.6933,44.4293,22.1493
22.4187,16.0667,190.24,191.669,40.5787,41.0213,11.6053,13.6387,0.87,1,-3.708,18.6267,44.68,22.0733
22.3187,16,190.4,192.128,40.58,41.032,11.622,13.0213,0.914,1.28067,-3.708,18.57,45.4,21.976
22.2213,16,189.408,191.957,40.568,41.04,11.3447,12.744,0.65,0.996,-3.904,18.51,46.3707,21.896
22.144,16,190.325,191.605,40.8,41.0933,11.5073,12.94,0.65,0.494667,-3.57733,18.346,47.184,21.784
22.0493,16,189.973,191.147,40.9533,41.184,11.5073,13.0373,0.65,1.08533,-3.708,18.1247,47.7227,21.7013
21.964,16,190.229,190.976,40.9867,41.232,11.524,12.7607,0.65,1.14467,-3.708,17.9833,48.424,21.6
21.86,15.5333,190.165,192.181,41.0453,41.328,11.7033,13.2,0.65,0.728667,-3.77333,17.792,48.4587,21.5027
21.78,15,190.197,191.136,41.16,41.3947,11.6053,13.2647,0.65,0.036,-3.64267,17.636,48.1893,21.4133
21.6747,15,189.995,191.307,41.2133,41.4773,11.5073,12.94,0.65,0.712,-3.708,17.5033,48.2,21.304
21.5653,15,189.227,192.011,41.2667,41.5493,11.524,13.72,0.65,0.475333,-3.44667,17.3287,48.528,21.216
21.476,15,190.24,191.915,41.312,41.592,11.5073,12.696,0.65,0.427333,-3.708,17.162,48.232,21.1093
21.3627,15,190.464,192.032,41.2907,41.656,11.524,13.2,1.794,0.850667,-3.512,17.0273,48.2293,21.0013
21.256,13.6667,190.304,192,41.2427,41.68,11.6053,13.1027,31.132,0.565333,-3.708,16.838,48.8693,20.896
21.152,13,190.539,192.181,41.312,41.688,11.4427,12.94,392.603,0.0746667,-3.434,16.618,49.296,20.8187
21.0413,12.1333,190.421,193.067,41.3173,41.72,11.6867,19.32,613.12,0,3.852,16.4013,50.0373,20.7053
20.9347,12,190.432,193.653,41.3333,41.7573,19.5387,23.2427,613.803,0.310667,26.83,16.2607,50.0587,20.5827
20.856,12,191.531,193.387,41.3093,41.8107,20.9853,23.44,615.403,0.299333,66.9493,16.2367,49.84,20.52
20.7627,12.1333,191.563,193.664,41.28,41.8373,20.562,22.308,616.725,0.908,112.267,16.286,50.2987,20.44
20.2,13,207.84,206.56,31.58,30.16,11.72,14.16,0.65,0,-3.12,16.07,39.08,19.8
20.1593,13,207.499,206.101,31.624,30.0613,11.524,14.76,0.65,0,-2.808,16.04,38.968,19.76
20.074,13,207.36,206.805,31.6507,30.1773,11.622,14.9547,0.65,0.088,-2.964,16.016,38.9467,19.658
19.9773,13,207.445,206.325,31.6987,30.256,11.7847,15.052,0.65,0.127333,-3.02933,15.9427,39.076,19.5833
19.8933,13,207.84,205.952,31.7707,30.384,11.5887,15.2147,0.65,0,-2.886,15.8627,40.0413,19.5
19.8127,13,207.648,206.357,31.912,30.4173,11.6053,15.2147,0.65,0,-2.886,15.6847,41.6613,19.43
19.722,13.5333,207.701,207.893,31.98,30.4333,11.622,15.1333,0.65,0.036,-2.964,15.5567,41.4747,19.3713
19.6387,17,208.309,207.637,32.08,30.6787,11.6867,15.2467,0.65,0,-2.886,15.506,41.24,19.27
19.5613,17,208.384,206.656,32.2693,30.776,11.768,15.2307,0.65,0.37,-2.886,15.52,41.5947,19.204
19.468,17,208.512,206.176,32.6733,31.1107,11.524,15.2467,0.65,1.32067,-2.886,15.7093,41.2627,19.1133
19.3933,17,207.947,206.101,32.7653,31.4027,11.622,15.1493,0.65,1.72333,-2.886,15.9513,41.372,19.0393
19.33,17,207.616,206.016,32.948,31.6347,11.6867,15.1333,0.65,1.84067,-3.12,16.1233,41.936,18.9773
19.298,17,208.075,205.536,33.2053,31.8293,11.7847,15.1653,0.65,1.88533,-3.12,16.312,41.8093,18.942
19.2367,17,207.904,203.904,33.452,32.1533,11.6053,15.2147,0.65,1.64267,-2.964,16.468,42.1773,18.9053
19.19,16.8667,207.733,203.765,33.632,32.2413,11.8493,15.2307,0.65,1.71333,-3.12,16.55,43.12,18.8447
19.1447,16,206.667,203.232,33.8213,32.364,11.6867,15.5227,0.65,1.53667,-2.964,16.5767,44.1173,18.816
19.0873,16,206.251,203.552,34.024,32.6227,11.866,15.312,0.65,1.866,-2.808,16.5967,44.8533,18.7767
19.0467,16,205.771,203.253,34.2987,32.7573,11.6053,15.3933,0.65,1.78467,-3.18533,16.628,45.4293,18.7533
19.01,16,205.397,203.36,34.464,32.976,11.768,15.2467,0.694,1.92,-2.964,16.7,45.648,18.7127
18.97,16,205.173,203.04,34.604,33.104,11.7033,15.7013,0.826,2.106,-3.12,16.7573,46.2827,18.672
18.9387,16,206.133,202.891,34.876,33.3093,11.7033,15.2307,5.00133,2.404,-2.73,16.784,46.6693,18.652
18.9233,16,205.963,202.741,34.94,33.6707,11.6867,14.8893,98.3613,2.364,-3.042,16.87,47.2533,18.63
18.8733,16,205.803,202.859,35.3707,33.8853,11.6867,15.4907,465.813,2.97133,-0.676,16.918,47.8293,18.6133
18.8733,16,205.803,202.485,35.2373,34.22,12.4507,22.0853,614.4,2.90933,8.186,17.0033,48.48,18.5867
18.8433,16,205.344,202.4,35.3893,34.4147,21.572,25.3093,614.4,3.33867,23.0807,17.054,48.3893,18.58
18.8333,16,205.355,202.112,35.4587,34.7573,21.4267,24.512,614.72,2.88533,43.832,17.126,48.6133,18.5867
18.8267,16,205.195,202.176,35.6453,35.024,21.328,25.7333,615.403,2.66867,71.8613,17.1873,48.44,18.6
18.83,16,205.557,202.176,35.916,35.2987,21.652,24.9667,615.488,2.716,107.357,17.2507,48.8907,18.64
18.8733,16,205.419,202.581,36.2547,35.4733,21.4093,35.036,616.384,3.14933,169.648,17.4233,48.6213,18.652
18.9073,16,205.664,202.624,36.6547,35.7707,28.1307,69.1067,618.432,2.904,314.496,17.76,47.824,18.7233
18.9873,16.1333,204.821,202.635,36.2013,35.376,36.148,93.4107,619.328,3.91133,380.48,18.216,47.256,18.788
19.0667,17,205.248,201.568,35.336,35.2187,37.5067,88.8133,619.413,3.85333,380.853,18.6733,45.4533,18.9287
19.1613,17.3333,205.877,201.632,35.66,34.328,34.7547,74.3093,618.56,4.50933,338.304,19.0293,46.1173,19.054
19.328,18,205.568,202.144,35.7,34.2507,64,140.56,620.651,2.80667,586.859,19.4533,43.9947,19.256
19.5053,17.8,206.411,202.731,34.5787,33.812,61.2227,115.024,621.376,2.70667,532.352,20.0453,42.8987,19.4693
19.672,17.2667,206.656,202.912,34.2493,33.5213,61.7247,111.245,621.888,2.258,538.421,20.4813,41.0347,19.678
19.858,18.0667,206.315,203.296,33.9707,33.2413,78.3413,141.216,622.187,1.64867,662.677,20.9947,38.6947,19.9013
20.054,19,206.923,203.189,33.4187,32.7413,75.2027,138.496,622.656,2.20867,685.291,21.64,34.008,20.1553
20.2813,19,207.765,203.232,33.0453,32.24,74.7813,132.139,622.741,1.58933,662.997,22.16,33.7453,20.408
20.5173,19,207.723,202.891,32.916,32.088,84.5307,142,622.955,2.02333,745.301,22.436,34.712,20.6547
20.7507,19,208.213,203.253,32.712,31.8027,90.0853,139.003,622.912,2.37533,765.205,22.768,33.8093,20.9013
20.976,19,208.437,203.147,32.644,31.656,84.2667,139.051,622.613,2.868,745.28,22.9973,33.36,21.1653
21.236,19,208.597,203.392,32.6413,31.3987,105.621,144.683,622.784,2.72133,892.032,23.2707,32.3573,21.4453
21.532,19.7333,208.448,203.328,32.5333,31.0293,95.5547,142.437,622.955,2.918,872.981,23.676,31.616,21.7413
21.8067,20.5333,208.885,203.893,32.452,30.8587,92.776,138.491,622.699,1.81933,840.405,24.052,31.4213,22.0187
22.0453,21,209.397,204.192,32.5333,30.712,71.5653,116.656,622.357,2.36,625.792,24.3147,30.448,22.2747
22.228,21,208.917,203.573,32.48,30.5413,47.008,84.576,620.437,2.65533,439.296,24.1587,28.3173,22.4387
22.3933,21,208.789,204.971,32.4587,30.408,39.844,68.8187,619.669,2.60733,377.035,23.9373,27.5707,22.572
22.5173,20.9333,209.131,204.309,32.7253,30.116,31.3867,56.5627,619.115,3.272,331.904,23.7373,27.2387,22.672
22.5813,20.2667,210.571,207.616,31.8613,29.58,43.62,85.9627,618.944,2.628,397.248,23.5813,26.8213,22.7547
22.7893,20,213.259,210.688,30.288,28.772,57.3947,100.405,619.541,3.60467,533.013,23.56,26.688,22.8693
22.9827,20,212.779,210.304,30.3733,28.7827,80.1653,111.285,620.565,3.59267,691.499,23.68,26.268,23.0267
23.2027,20,211.659,209.184,30.212,28.6053,98.9973,130.581,621.376,3.66267,861.888,24.0653,26.6907,23.212
23.3867,20,211.115,208.213,30.2507,28.588,79.2427,112.597,621.077,3.44467,670.571,24.496,26.5,23.4013
23.572,20,209.472,208.32,29.8187,28.4307,95.712,116.592,621.547,4.04067,795.392,24.728,26.436,23.5573
23.7573,20.9333,210.133,207.776,30.0973,28.324,81.264,112.576,621.163,3.022,681.109,25.0973,27.0307,23.7333
23.9333,21,209.803,207.04,30.124,28.4347,75.2427,103.344,621.12,3.59933,705.579,25.3453,26.8453,23.884
24.112,21,209.365,206.4,29.5693,28.5507,92.4827,104.491,621.248,3.53067,802.197,25.6453,27.172,24.0253
24.2813,21.7333,209.035,206.741,29.2373,28.4787,59.032,71.7787,620.565,3.106,511.936,25.916,25.4973,24.16
24.428,22,208.971,207.008,28.972,28.24,59.4747,87.0027,620.48,2.42267,570.325,25.904,25.424,24.272
24.5627,22,208.789,206.059,28.9733,28.1413,77.3227,84.9173,620.864,3.77533,707.947,25.9653,26.2653,24.392
24.704,22,208.117,205.771,28.452,28.1453,63.4987,47.2453,620.565,4.07733,654.741,26.1787,26.5747,24.4693
24.8067,22,208.789,205.547,28.9747,28.0907,51.752,43.936,619.84,4.53667,608.832,26.2267,25.2147,24.54
24.9253,22,208.352,205.611,28.5107,28.1907,40.7533,45.336,619.797,3.12,487.872,26.0093,24.3973,24.5933
24.976,22,208.32,205.397,28.2693,27.968,36.702,50.3413,619.2,4.21533,422.571,25.7013,23.8587,24.6307
25.032,22,206.891,205.301,27.7787,27.7653,33.2373,51.2213,619.456,3.93133,467.669,25.456,24.072,24.684
25.088,22,206.763,204.672,28.032,27.8227,20.7413,40.508,619.243,3.64667,423.819,25.2067,23.776,24.6867
25.084,22,206.368,204.885,26.7573,27.6907,21.0673,28.2053,618.859,2.75,312.907,24.94,23.972,24.6907
25.088,21.5333,206.475,204.363,27.324,27.38,20.9853,26.724,618.475,3.366,241.685,24.6787,24.052,24.692
25.036,21,205.781,204.555,27.1493,27.316,21.444,24.1547,617.92,3.04867,180.805,24.4173,24.3293,24.664
25.0013,20.8667,205.429,204.885,26.764,27.3373,20.9033,24.7733,617.195,2.64133,94.6427,24.144,24.4413,24.6187
24.9493,20,206.069,205.696,26.1733,27.6213,21.4733,24.5933,616.768,1.444,81.7333,23.9213,24.5493,24.584
24.876,20,205.92,205.109,26.404,27.652,21.1487,24.0733,616.64,1.88133,52.9293,23.6707,24.5693,24.5107
24.7987,20,205.771,204.469,26.4547,27.6453,21.0833,24.7893,616.213,1.784,24.394,23.3613,24.684,24.436
24.7013,20,205.504,204.139,26.1813,27.508,11.6867,21.0947,616,0.848667,7.97667,23.0693,24.924,24.364
24.632,20,205.824,204.128,26.4067,27.3467,11.426,14.5813,404.896,0.65,-2.05333,22.8013,25.2307,24.28
24.548,19.8667,206.219,204.331,26.6547,27.256,11.3113,14.8253,77.32,0.982,-3.316,22.5213,25.6973,24.192
24.4747,19,205.472,204.16,27.22,27.4987,11.622,14.3707,5.52867,2.24667,-3.38133,22.248,26.2573,24.112
24.392,18.8667,205.067,203.893,26.7907,27.508,11.524,14.1107,0.826,1.234,-3.18533,21.976,26.6067,24.0093
24.296,18,205.685,204.725,27.1867,27.588,11.5887,14.988,0.65,1.61467,-3.25067,21.7427,27.06,23.912
24.2053,18,205.024,204.64,27.3773,27.704,11.4427,14.3707,0.694,1.55533,-3.316,21.532,27.524,23.8267
24.1093,17.4667,204.693,203.541,27.7987,27.804,11.426,14.4027,0.738,2.14933,-3.18533,21.3253,28.0747,23.728
24.0093,17.7333,205.045,203.349,28.2307,27.8467,11.6867,15.3933,0.694,3.53333,-3.25067,21.1467,28.912,23.624
23.9093,18,204.021,204.747,28.4733,27.98,11.5407,14.4187,0.65,2.74333,-3.25067,20.684,30.36,23.536
23.82,18,203.232,203.339,28.4733,28.116,11.5073,15.1987,0.65,2.19333,-3.12,20.5,30.68,23.4387
23.6973,18,203.616,203.296,29.0467,28.2453,11.67,14.6467,0.65,2.91267,-3.12,20.484,31.1747,23.3573
23.5973,17.6667,203.04,203.072,29.3893,28.404,11.5073,14.484,0.65,2.53667,-3.25067,20.378,32.0453,23.2573
23.504,17,203.413,202.528,29.5613,28.5693,11.426,15.1827,0.65,3.22467,-3.12,20.1687,33.356,23.152
23.3907,17,203.477,202.891,29.896,28.7987,11.4427,14.3213,0.65,3.68867,-3.10733,19.7027,34.9533,23.064
23.308,17,203.083,203.157,30.1253,29.0307,11.6053,14.5,0.65,3.62067,-3.042,19.7033,34.996,22.948
23.2053,17,202.869,202.453,30.292,29.2627,11.524,15.28,0.65,3.412,-3.12,19.6227,35.3867,22.8587
23.1067,16.6667,202.475,202.24,30.4587,29.48,11.524,14.5813,0.65,3.55333,-3.18533,19.5147,35.7413,22.7613
22.988,16,202.507,202.315,30.5707,29.6027,11.7033,14.9227,0.65,5.09733,-3.17267,19.3587,36.3333,22.6773
22.88,16,202.763,202.037,30.7133,29.7467,11.524,14.468,0.65,4.53933,-2.964,19.2247,36.6973,22.5667
22.784,16,202.645,201.76,30.7733,29.9387,11.622,14.6787,0.65,3.39133,-3.042,19.0727,37.3387,22.4613
22.6573,16,202.091,201.781,30.88,29.9947,11.6053,14.6467,0.65,4.32333,-3.042,18.9707,37.8173,22.3867
22.536,16,202.379,202.283,30.9693,30.1907,11.7033,14.1427,0.65,3.84267,-2.886,18.8867,38.12,22.2853
22.452,16,202.24,201.611,31.0587,30.292,11.426,14.9547,0.65,3.56133,-3.18533,18.804,38.2453,22.1773
22.3333,16,201.877,202.709,31.0333,30.4507,11.7033,15.3933,0.65,3.65067,-3.10733,18.73,38.396,22.0933
22.2307,15.8667,201.536,201.941,30.9667,30.524,11.6053,15.3933,0.65,3.47533,-3.10733,18.622,38.5493,22.0013
22.124,15,202.496,200.747,30.9787,30.552,11.6867,14.9387,0.65,3.052,-3.02933,18.5233,38.6573,21.896
22.0307,15,201.739,201.312,31.0573,30.6747,11.524,14.5813,0.65,3.02067,-3.042,18.4327,38.6627,21.8053
21.9427,15,201.845,201.184,31.124,30.816,11.6053,14.9067,0.65,2.654,-2.886,18.3307,38.72,21.7147
21.8547,15,202.133,201.717,31.1147,30.7587,11.6867,15.036,0.65,1.86733,-3.02933,18.1927,39.048,21.62
21.7547,15,201.579,201.536,31.0853,30.7267,11.6867,14.744,0.65,1.65733,-3.12,18.108,38.928,21.552
21.6587,15,200.96,201.259,30.9973,30.5947,11.524,15.1827,0.65,1.02333,-2.964,18.0667,38.7747,21.4493
21.572,15,200.939,201.803,31.0973,30.9653,11.7847,15.2147,0.65,1.904,-3.02933,17.9873,39.0667,21.3493
21.488,15,201.515,201.579,31.2227,31.0587,11.524,14.3867,0.65,1.42533,-3.042,17.8967,39.2787,21.2707
21.4213,15,201.685,201.525,31.3227,31.0427,11.5073,15.572,0.65,0.503333,-3.12,17.81,39.528,21.1907
21.3373,15.7333,201.408,200.875,31.1693,31.0267,11.622,15.3773,0.65,1.15333,-3.12,17.7033,39.8733,21.112
21.244,16,200.757,200.747,31.3213,31.084,11.6867,15.572,0.65,1.482,-2.886,17.5947,40.1933,21.0373
21.148,16,201.685,201.557,31.1053,31.1373,11.768,14.9707,0.65,1.91933,-3.042,17.53,39.824,20.968
21.0707,15.4667,201.141,200.917,31.2147,31.1653,11.4427,14.6787,0.65,1.204,-3.12,17.506,39.6733,20.88
20.996,15,201.045,200.8,31.2907,31.1973,11.6053,15.1333,0.65,0.935333,-2.964,17.4613,39.784,20.812
20.904,15,200.437,201.909,31.1973,31.348,11.6053,15.1173,0.65,0.999333,-3.12,17.3667,39.9493,20.72
20.828,15,201.621,201.44,31.1907,31.4293,11.524,15.1173,0.87,1.50067,-2.964,17.31,40.3693,20.652
20.7413,15,201.451,201.707,31.1347,31.4747,11.7033,15.036,6.84733,1.41467,-3.042,17.246,40.472,20.5747
20.688,15,201.003,200.949,31.172,31.5227,11.7033,15.588,146.309,1.51333,-2.886,17.1847,40.6547,20.4933
20.592,14.8667,201.365,202.133,31.1067,31.664,11.5073,17.5587,606.997,2.28667,1.014,17.1053,41,20.42
20.532,14,202.059,201.557,31.3053,31.6853,19.7993,24.6747,613.931,1.26267,15.06,17.0267,41.0053,20.348
20.4767,14,202.208,201.419,31.428,31.7333,21.1473,24.692,615.403,2.13333,66.652,16.9867,41.44,20.2867
20.4267,14,201.557,201.461,31.2293,31.7573,21.0673,24.7733,616.896,2.33333,123.301,17.0253,41.5293,20.2467
20.39,14.3333,202.144,201.973,31.216,31.9413,21.2287,28.1093,617.536,2.54533,149.024,17.176,41.1827,20.208
20.3533,15,201.333,202.229,31.2787,31.928,20.9853,24.676,616.299,2.54733,99.4347,17.3053,41.18,20.192
20.3053,15,201.291,202.528,31.1987,31.9813,21.1487,24.692,616,2.43933,91.424,17.326,42.3573,20.1367
20.2947,15,202.624,202.709,31.5613,32.2093,27.852,55.4947,616.853,2.334,261.163,17.3713,41.616,20.1267
20.34,15,202.048,201.28,31.4987,31.8613,40.656,90.9013,619.541,2.21,427.424,17.7387,39.8947,20.1847
20.38,15.5333,202.283,201.28,31.4067,31.448,33.86,67.256,619.499,2.54,331.264,18.1693,38.992,20.2533
20.4487,16,202.443,201.664,31.4213,32.052,44.9587,96.408,619.456,2.95267,438.389,18.5067,38.572,20.3013
20.548,16,203.104,202.368,31.3147,31.8987,51.6533,118.576,621.12,2.73267,562.965,19.0413,37.7173,20.4307
20.66,16,203.2,201.717,31.1853,31.0053,68.8773,144.261,621.76,2.63533,616.619,19.6347,36.948,20.596
20.8133,16,203.605,202.379,31.1667,31.0827,81.7413,144.443,621.888,3.386,659.605,20.1727,36.3427,20.7813
20.9867,16.6667,203.979,202.667,31.0933,30.956,66.4307,118.344,622.016,3.31133,598.779,20.708,35.6147,20.9973
21.0947,18,204.661,202.859,31.2067,30.9693,21.5547,24.8533,618.133,2.96067,145.952,20.7107,35.6173,21.092
21.1733,18,204.523,203.125,31.4747,31.1467,57.1087,90.764,618.005,2.138,457.147,20.44,35.704,21.1453
21.3827,18,205.141,203.093,31.412,30.9547,97.284,157.157,621.717,2.466,788.928,20.972,35.0053,21.3493
21.6013,18.9333,204.832,203.392,31.1587,30.696,105.771,146.971,622.656,2.85467,824.533,21.8613,33.6773,21.6147
21.8387,19.1333,205.867,203.552,31.0067,30.5773,111.355,144.501,622.784,2.96,868.437,22.2893,33.812,21.8707
22.0787,20,206.325,203.755,30.9307,30.3747,108.568,144.261,622.613,2.828,871.211,22.6587,33.152,22.1667
22.3,20,205.952,204.107,30.9467,30.1587,111.605,144.421,622.485,3.14667,916.224,22.9973,32.7573,22.408
22.58,20,206.667,204.309,30.86,29.9933,111.163,144.443,622.827,3.35267,951.211,23.416,32.24,22.7093
22.852,20,207.627,205.141,30.8053,29.8667,108.293,144.384,622.571,2.84933,974.805,23.8453,31.528,23.0107
23.1107,19.8667,207.115,205.269,30.7307,29.7667,89.7867,120.424,622.443,2.686,843.776,24.4627,30.1413,23.2787
23.3227,19,208.16,205.803,30.8173,29.8133,64.3213,95.6347,620.821,3.14733,591.413,25.5747,27.6813,23.488
23.5213,19,207.851,205.771,30.8947,29.7827,110.96,144.261,621.973,3.524,1027.46,29.3933,22.2467,23.7173
23.7573,19.5333,207.701,205.952,30.9413,29.7027,95.6773,121.891,621.973,3.982,915.221,28.1293,23.7973,23.9827
23.9027,20,207.573,205.941,31.0893,29.7467,84.1707,110.493,621.76,4.19267,886.315,26.6373,25.9347,24.2013
24.0493,20.7333,208.267,209.131,31.1547,29.4693,98.0253,115.112,621.845,3.178,892.203,26.7107,25.9147,24.3787
24.3627,21,210.059,209.024,30.9507,29.548,81.6373,103.933,621.291,2.33667,764.213,26.7013,26.1427,24.592
24.5613,21,210.315,209.024,31.0347,29.452,95.316,106.337,621.675,3.95267,890.149,27.1947,25.124,24.752
24.7613,21,210.133,208.427,30.9707,29.2893,64.5293,83.608,621.461,3.028,635.765,27.4333,24.6693,24.9013
24.864,21,210.197,207.488,31.044,29.148,61.128,74.6987,619.84,2.89933,603.936,26.7187,25.0573,25.0067
25.104,21,209.472,208.032,30.7667,29.0307,98.6533,92.224,621.675,2.20733,896.043,26.52,27.5787,25.1347
25.2813,21.3333,210.155,207.989,31.0987,29.144,77.7007,77.4453,621.675,2.84133,769.952,26.8267,28.284,25.24
25.3347,21.4667,209.589,217.12,32.3933,29.9533,83.6227,74.408,621.461,2.40933,741.675,26.9427,28.004,25.4787
25.4307,21,212.907,231.787,32.992,30.0267,42.9253,49.0853,620.651,4.29733,411.029,26.9293,27.9827,25.7
25.572,20,221.653,243.253,32.4947,29.66,41.6547,43.1147,619.029,3.86133,389.525,26.4947,26.9587,25.7307
25.7733,18,234.261,244.491,31,29.3107,58.6453,43.616,619.285,3.364,637.803,26.1333,27.9587,25.668
25.8573,18.6667,233.365,234.709,30.78,29.456,41.236,40.496,619.669,4.26267,507.045,26.0493,28.0987,25.644
25.872,20,223.061,227.851,30.2547,29.44,22.0267,26.0907,618.261,2.86467,137.557,25.7493,27.8013,25.624
25.872,20,218.251,221.056,30.144,29.5027,25.0873,30.9533,617.451,2.46933,236.341,25.3187,28.648,25.6
25.888,20.7333,214.741,216.885,30.0013,29.5587,30.6193,32.4147,618.603,3.214,519.296,24.9733,29.476,25.572
25.86,20.0667,212.864,214.144,29.8373,29.6493,21.4093,24.7573,618.56,2.972,412.971,24.66,29.448,25.516
25.804,20,211.424,212.981,29.68,29.6507,21.41,24.7893,618.56,2.87267,358.955,24.34,29.48,25.4707
25.752,20,210.187,210.933,29.6227,29.6613,21.2467,24.1547,618.517,2.956,293.467,24.0973,29.584,25.404
25.692,20,208.597,209.579,29.6333,29.6493,20.8233,25.0493,618.005,3.10733,209.349,23.8893,29.628,25.3413
25.6267,20,208.245,209.184,29.4613,29.676,21.3453,24.5933,617.152,1.66933,61.352,23.7173,29.912,25.284
25.576,20,207.787,208.523,29.4707,29.74,20.9047,24.056,616.683,1.79867,64.84,23.5893,30.2453,25.216
25.504,20,207.584,208.523,29.52,29.7907,21.3273,24.968,616.64,2.13,49.3827,23.4587,29.9907,25.1533
25.4347,20,206.923,208.245,29.3147,29.6747,20.8393,24.5933,616.299,1.57733,26.0747,23.2933,29.7907,25.1027
25.3413,20,206.592,207.925,29.24,29.6613,16.614,24.8707,616,1.11,8.56333,23.1,29.9147,25.02
25.2747,20,207.285,207.456,29.3387,29.74,11.5887,16.324,603.371,0.496,-0.896667,22.9133,30.252,24.9533
25.1947,19.6667,206.507,207.509,29.488,29.792,11.28,15.2307,240.904,0.222667,-3.25067,22.728,30.6427,24.856
25.112,19,206.368,207.499,29.5747,29.8,11.3113,14.76,17.7373,0.196667,-3.18533,22.5293,30.66,24.7827
25.024,18.4667,205.749,206.763,29.58,29.82,11.4427,14.4027,1.178,0,-3.434,22.296,30.644,24.68
24.928,18,206.656,206.773,29.7133,29.892,11.5887,14.8907,0.65,0.230667,-3.316,22.1013,31.3667,24.6053
24.8267,18,205.963,206.656,29.9307,29.8973,11.4427,14.1107,0.65,0.498,-3.316,21.9227,32.044,24.5067
24.74,17.6667,205.685,206.752,30.0413,29.9093,11.6867,15.02,0.65,0.0986667,-3.238,21.7533,32.584,24.4
24.6387,17,206.635,206.592,30.1933,30.0147,11.328,14.6627,0.65,0.737333,-3.316,21.5107,33.1507,24.3
24.544,17,205.76,207.168,30.3813,30.1293,11.6053,14.3053,0.65,1.142,-3.18533,21.2773,33.8,24.1907
24.4533,16.6667,205.589,206.251,30.5573,30.2213,11.426,14.4027,0.606667,0.599333,-3.18533,21.0773,34.516,24.0787
24.3547,16,205.877,205.739,30.7413,30.3573,11.524,15.1013,0.65,0.300667,-3.042,20.8093,35.3307,23.988
24.2293,16,205.803,206.699,30.9653,30.4973,11.426,14.3867,0.65,1.13333,-3.38133,20.588,35.656,23.8667
24.1093,16,205.312,206.464,31.076,30.624,11.426,15.296,0.65,1.51533,-3.18533,20.376,36.2613,23.7547
24.004,16,205.696,206.133,31.1893,30.7227,11.6053,14.3867,0.65,0.94,-3.12,20.15,36.3693,23.644
23.888,16,205.259,208.469,31.224,30.816,11.328,14.5813,0.65,0.907333,-3.10733,19.9653,36.4467,23.5253
23.7667,16,205.259,207.925,31.276,30.9147,11.6053,14.9067,0.65,0.648,-3.10733,19.7387,36.9707,23.42
23.62,16,205.877,207.968,31.3213,30.976,11.7847,14.224,0.65,0.815333,-3.12,19.4593,37.544,23.2813
23.492,16,205.344,208.405,31.352,31.04,11.6053,15.2147,0.65,1.12667,-3.17267,19.2113,37.944,23.1587
23.3613,16,205.728,208.043,31.348,31.124,11.4427,14.3867,0.65,0.758,-2.886,18.994,37.9707,23.0373
23.2507,16,204.629,208,31.3173,31.22,11.622,14.6467,0.65,1.27667,-3.16,18.8733,37.1173,22.8893
23.132,16,205.547,207.211,31.268,31.2693,11.6053,14.9067,0.65,1.47733,-3.042,18.772,37.1013,22.7853
23,16,204.064,206.784,31.232,31.272,11.6867,14.3213,0.65,1.50133,-3.12,18.71,37.2027,22.6693
22.8907,16,203.669,207.2,31.2707,31.2773,11.524,15.052,0.65,1.58,-3.12,18.6533,37.268,22.552
22.7827,16,204.16,207.04,31.204,31.312,11.5073,14.728,0.65,1.522,-3.10733,18.5693,37.252,22.444
22.6693,16,203.349,206.72,31.1347,31.304,11.6867,14.516,0.65,1.112,-3.12,18.4767,37.5253,22.3533
22.5547,15.1333,202.432,206.773,31.1147,31.32,11.5073,15.02,0.65,1.45533,-3.18533,18.3647,38.04,22.2733
22.452,15,199.819,206.123,31.1693,31.3547,11.524,14.3373,0.65,1.35333,-3.042,18.256,38.6227,22.1627
22.3333,15,200.256,206.229,31.232,31.416,11.8827,14.224,0.65,1.55,-3.042,18.1413,39.0947,22.06
22.2253,15,199.851,207.093,31.188,31.4933,11.6053,14.9547,0.65,0.578667,-3.12,18.03,39.2533,21.9547
22.12,15,200.032,206.059,31.1427,31.544,11.6867,15.3613,0.65,0.036,-3.042,17.916,39.3013,21.8373
22.028,15,199.861,205.248,31.076,31.6053,11.4427,14.9387,0.65,0,-2.964,17.7993,39.48,21.7387
21.9187,15,199.36,205.963,31.032,31.684,11.6867,14.9547,0.65,0,-3.042,17.6653,39.7693,21.636
21.816,15,199.787,206.133,31.028,31.704,11.6053,15.4747,0.65,0,-3.12,17.528,40.7333,21.524
21.7053,15,200.064,205.163,31.088,31.78,11.524,14.5813,0.65,0,-2.964,17.38,41.296,21.412
21.5933,15,199.968,207.136,31.1227,31.8773,11.6053,14.9547,0.65,0,-3.12,17.202,41.3973,21.308
21.4947,15,200.939,206.251,31.12,31.9387,11.622,14.6787,0.694,0,-2.964,17.0587,41.824,21.1987
21.3893,15,201.557,206.549,31.18,32.0587,11.6867,14.6787,0.65,0,-3.042,16.9193,42.008,21.0907
21.2733,15,200.629,207.253,31.1573,32.1493,11.866,15.588,0.65,0.0906667,-2.73,16.7807,41.928,20.9907
21.164,15,201.589,206.347,31.148,32.232,11.4427,15.036,0.65,0.821333,-2.964,16.6867,41.856,20.88
21.048,14.4667,200.928,206.539,31.1533,32.224,11.6867,14.9707,0.65,1.15067,-2.964,16.5607,41.904,20.772
20.9387,14,200.661,207.669,31.208,32.2907,11.6053,14.8413,1.266,0.816,-2.964,16.4467,41.9307,20.6667
20.8507,14,201.291,206.656,31.192,32.3213,11.524,15.036,19.8027,0.589333,-2.808,16.36,41.8613,20.5587
20.7307,14,201.44,206.581,31.1947,32.3733,11.6867,15.036,301.101,0.892667,-2.808,16.2553,42.16,20.4513
20.6307,14,200.939,207.157,31.1333,32.4227,14.0113,19.9693,613.248,0.684667,3.64467,16.142,42.6187,20.3333
20.544,14,201.877,206.816,31.232,32.4587,21.246,24.576,614.315,0.778667,30.1733,16.03,43.0693,20.2393
20.458,14,201.397,207.531,31.272,32.524,21.2293,24.4947,615.659,1.89267,68.1867,16.0173,42.4853,20.142
20.38,14,201.216,208.032,31.2027,32.5467,21.166,24.6107,616.555,1.97333,113.328,16.06,42.3067,20.0833
20.3267,14,200.928,207.765,31.3533,32.6413,21.4087,26.7093,617.536,1.70267,162.085,16.1673,42.1173,20.0087
20.294,14,201.152,207.627,31.256,32.652,21.0667,36.5467,618.219,1.42933,212.971,16.332,41.272,19.9893
20.266,14,202.272,207.829,31.332,32.6907,21.426,48.5013,619.157,1.554,266.144,16.5647,40.356,19.9707
20.2507,14,202.592,207.744,31.3307,32.6627,28.9933,62.5387,619.499,1.99933,318.944,16.8587,39.716,19.9867
20.298,15.4667,202.325,208.032,31.5387,32.6533,33.956,84.4853,620.139,2.156,371.221,17.194,39.244,20.0067
20.3667,16,202.539,207.872,31.5173,32.4987,41.596,108.565,620.693,1.84333,424.491,17.618,38.7067,20.0787
20.444,16.4,203.136,205.728,31.404,31.8773,46.0627,114.4,621.291,1.53867,477.013,18.128,38.064,20.1707
20.5613,16.9333,203.157,206.624,31.3693,31.5667,51.488,114.587,621.76,2.318,525.525,18.6453,37.5307,20.3167
20.6733,17,203.232,207.221,31.3013,31.468,51.656,114.411,621.76,2.264,573.781,19.1653,37.016,20.5
20.8507,17.9333,203.296,207.349,31.3333,31.2933,61.8213,138.064,621.803,2.51667,619.669,19.6687,36.428,20.6653
21.044,18.1333,204.021,206.933,31.344,31.1627,81.5627,144.581,622.229,2.01533,663.296,20.4013,35.652,20.8787
21.2693,19,203.861,207.509,31.26,31.0307,81.76,144.784,622.485,2.87267,703.744,21.1467,34.9107,21.1067
21.4907,19,204.949,207.36,31.1947,30.9027,81.664,144.32,622.4,3.14667,745.6,21.6707,34.512,21.3747
21.752,19,205.515,207.648,31.152,30.744,81.8427,144.283,622.571,3.05467,779.52,22.1693,34.2333,21.6627
22.0067,19.3333,205.205,208.171,31.072,30.684,81.7413,144.805,622.997,3.136,812.971,22.7333,33.7067,21.9693
22.2867,20,205.835,207.915,31.024,30.588,93.6387,146.955,622.997,3.19867,825.877,23.24,33.2573,22.2747
22.5333,20,206.176,207.765,31.04,30.4733,75.728,125.189,621.888,3.288,709.419,23.6147,32.8053,22.564
22.7413,20,206.837,207.819,31.0813,30.3973,88.6973,126.341,621.632,3.066,810.507,23.8227,32.9067,22.8173
23.02,20,206.549,208.704,31.04,30.264,91.0107,140.709,622.315,3.19467,882.368,24.22,32.4667,23.1293
23.272,20.9333,207.2,209.12,31.0267,30.1067,81.664,144.544,622.4,3.34933,922.624,24.74,31.7053,23.4253
23.5453,21,207.04,209.152,30.9893,29.9227,81.5813,132.933,622.827,3.46533,934.741,25.2427,31.432,23.7053
23.824,21,206.773,209.184,30.8893,29.7293,81.3413,114.757,622.4,3.306,938.965,25.6173,31.148,24.0107
24.0933,21.1333,207.531,209.12,30.836,29.7147,81.4027,114.501,622.4,3.93067,941.099,26.104,30.5493,24.3013
24.3773,22,206.859,209.44,30.7373,29.7653,81.4827,114.603,622.443,3.66867,938.112,26.6947,29.964,24.5747
24.608,22.1333,206.624,209.664,30.6707,29.6933,81.2,114.928,622.101,4.53333,936.491,26.688,29.26,24.812
24.8813,23,206.741,209.568,30.672,29.68,81.664,114.411,622.144,3.42733,927.659,26.88,30.0467,25.0747
25.116,22.8,207.275,209.728,30.812,29.7227,81.344,114.416,622.4,3.24267,918.357,27.2973,30.1467,25.3053
25.3507,22,207.445,210.421,30.8053,29.7987,81.0213,114.661,622.144,3.756,917.675,27.6667,27.0347,25.5333
25.5533,22,208.64,210.187,31.112,29.776,81.2427,109.125,621.973,3.94333,885.803,28.3333,25.496,25.724
25.752,22,208.523,210.261,31.1973,29.8413,71.6907,91.704,621.504,3.57733,774.464,29.0653,25.272,25.8827
25.9587,22.2,207.477,210.496,31.0707,29.7933,77.9653,86.1187,621.163,5.254,809.237,28.776,25.256,26.0227
26.108,23,208,210.528,31.2653,29.86,80.9227,56.5307,620.736,4.82667,796.672,28.2827,26.752,26.1547
26.26,23,208.053,210.613,31.2613,30.024,80.9413,54.0267,620.48,4.57067,765.312,28.1893,27.7373,26.248
26.4,22,210.219,211.413,31.4627,30.192,80.9227,55.064,620.48,5.354,729.344,28.3173,28.6107,26.3053
26.5333,22,211.04,211.52,31.5973,30.292,69.5147,48.3467,620.139,4.49533,628.661,28.156,29.04,26.388
26.6587,22,208.981,211.52,31.6667,30.376,46.196,39.292,619.328,4.77533,535.296,27.8333,29.0227,26.428
26.736,22,208.768,211.435,31.5307,30.528,47.222,47.124,619.925,4.16333,605.44,27.548,29.3627,26.4533
26.8133,22,208.235,211.019,31.2747,30.5453,46.9653,40.9147,619.968,3.926,552.725,27.2747,29.5213,26.4733
26.884,22,207.904,210.112,31.252,30.6,40.9507,39.8293,619.84,3.83067,540.736,26.9933,29.9387,26.496
26.92,22,207.68,210.677,31.244,30.7493,23.1833,29.3907,619.456,3.37667,383.299,26.7133,30.1067,26.504
26.88,22,206.027,209.28,31.1987,30.86,21.1493,27.6507,618.603,3.73133,286.141,26.3387,31.4573,26.488
26.8307,22,205.621,209.365,31.38,30.908,21.0833,24.8707,617.621,3.646,177.536,25.92,32.2933,26.4587
26.8067,22,205.195,210.229,31.5627,31.1013,21.0027,24.4147,618.304,3.532,303.061,25.6307,32.5427,26.424
26.772,22,205.099,210.187,31.6827,31.264,21.1833,24.5133,618.176,3.12067,215.121,25.4027,32.744,26.38
26.6973,22,204.352,209.995,31.8253,31.4133,20.822,24.5133,616.896,2.56733,33.4573,25.1907,33.0747,26.3107
26.6347,22,203.957,208.971,31.9587,31.544,20.7253,24.3493,616.64,3.014,32.012,24.936,33.5293,26.244
26.56,22,204.224,209.003,32.0213,31.6653,21.084,24.7733,616.469,2.22333,24.3,24.7187,33.9253,26.1667
26.4653,22,204.064,209.376,32.16,31.748,20.562,24.4147,616.299,1.90267,15.4793,24.54,34.4653,26.116
26.404,22,203.925,209.312,32.332,31.8613,18.7433,24.48,616.043,1.95733,6.88467,24.3507,34.8133,26.0293
26.3107,22,203.669,209.045,32.4227,31.9813,11.2467,17.708,616,2.39467,1.15733,24.1373,35.0707,25.9493
26.2173,21.0667,203.627,208.971,32.484,32.064,11.23,14.468,337.307,2.808,-3.16,23.9187,35.14,25.8653
26.1373,21,204.235,209.504,32.492,32.1493,11.1653,14.436,17.824,2.06533,-3.44667,23.7387,35.14,25.7827
26.052,20.6667,203.413,209.28,32.528,32.192,11.622,14.0947,1.266,2.11733,-3.25067,23.552,35.2507,25.7093
25.9627,20.2,203.584,208.96,32.556,32.232,11.23,14.3867,0.65,1.734,-3.57733,23.372,35.5507,25.6187
25.856,20,204.139,209.301,32.628,32.268,11.4093,14.452,0.694,2.43667,-3.38133,23.176,36.2,25.524
25.7613,20,203.819,209.248,32.724,32.3133,11.426,14.8573,0.65,2.32267,-3.38133,23.02,36.7587,25.4427
25.6733,20,203.573,208.96,32.84,32.3347,11.426,14.6627,0.65,1.71667,-3.38133,22.88,37.1387,25.3493
25.588,20,203.808,208.299,32.904,32.4,11.328,14.8253,0.65,2.234,-3.38133,22.7467,37.32,25.2667
25.4813,19.4667,203.541,208.565,32.972,32.4867,11.5887,14.5333,0.65,1.58067,-3.25067,22.604,37.6027,25.164
25.3853,19,203.424,208.917,33.096,32.588,11.328,14.3867,0.65,1.60133,-3.316,22.4293,37.9867,25.092
25.288,19,203.776,208.608,33.076,32.628,11.328,14.8413,0.694,2.428,-3.18533,22.276,38.4507,24.988
25.1893,19,203.147,208.96,33.1067,32.6987,11.3447,14.6467,0.65,1.52133,-3.25067,22.144,38.7667,24.912
25.1107,19,202.773,209.184,33.184,32.7893,11.67,14.2893,0.65,2.17,-3.316,22.0147,39.168,24.8147
25.0093,19,202.688,209.184,33.1307,32.8827,11.4427,14.9227,0.65,2.23067,-3.18533,21.8787,39.792,24.728
24.9027,19,202.923,208.459,33.26,33.0307,11.23,14.192,0.65,2.76267,-3.12,21.7667,40.3213,24.64
24.8013,19,202.805,209.184,33.2293,33.112,11.524,14.0293,0.65,2.42733,-3.18533,21.6573,40.8907,24.556
24.712,18.9333,202.805,208.981,33.404,33.1987,11.4093,15.1987,0.65,2.61267,-3.18533,21.568,41.4773,24.4613
24.6267,18.0667,202.773,208.651,33.48,33.3213,11.23,14.3707,0.694,1.90867,-3.25067,21.4453,42.04,24.392
24.5213,18,202.176,208.917,33.2733,33.472,11.524,13.948,0.65,1.516,-3.25067,21.3347,42.336,24.2987
24.448,18,202.261,208.725,33.38,33.5427,11.524,14.988,0.65,1.13733,-3.12,21.248,42.648,24.212
24.3587,18,202.56,208.597,33.3133,33.824,11.5073,14.3213,0.65,1.80333,-3.25067,21.1747,42.9547,24.1213
24.2613,18,202.101,207.819,33.332,33.9293,11.6867,14.9387,0.65,1.47133,-3.44667,21.1,43.512,24.0347
24.1773,18,201.941,207.968,33.3773,34.0587,11.5073,14.5493,0.65,1.82867,-3.18533,21.012,43.736,23.956
24.0907,18,202.411,208.683,33.2947,34.1813,11.622,14.76,0.65,1.68267,-3.238,20.928,44.008,23.8733
24.012,18,202.528,208.096,33.6693,34.2853,11.426,15.296,0.65,1.29867,-3.25067,20.832,44.304,23.7947
23.9307,18,202.187,207.691,33.6173,34.28,11.7033,14.176,0.65,0.716,-3.10733,20.7107,44.4213,23.724
23.8493,17.8667,201.835,207.563,33.456,34.3747,11.4427,14.484,0.65,0.851333,-3.18533,20.6173,44.6907,23.628
23.7787,17,201.653,208.437,33.7333,34.5227,11.3447,15.2147,0.65,0.483333,-3.12,20.5187,45.1547,23.552
23.6813,17,202.048,208.235,33.6747,34.4733,11.524,14.1267,0.65,0.234667,-3.042,20.3947,45.656,23.4933
23.6,17,201.739,207.595,33.4747,34.4413,11.4093,14.76,0.65,0.627333,-3.25067,20.2647,45.8827,23.396
23.524,17,201.803,208.384,33.4387,34.5293,11.4427,15.1173,0.65,0.0853333,-3.10733,20.1447,46.12,23.3027
23.4253,17,201.536,208.427,33.4587,34.6373,11.524,14.3213,0.65,0.126667,-3.316,20.02,46.4667,23.228
23.3613,17,202.443,208.032,33.4453,34.5867,11.4427,14.9227,0.65,0.072,-3.042,19.9167,46.7307,23.1307
23.288,17,201.856,207.541,33.324,34.652,11.6053,14.6627,0.65,0.118667,-3.12,19.82,46.68,23.052
23.2,17,201.771,208.405,32.9267,34.3667,11.5073,14.1267,0.65,0.479333,-3.12,19.7193,46.9333,22.948
23.1027,17,202.123,208.117,32.5493,34.1867,11.4427,15.1667,0.65,0.493333,-3.12,19.6467,47.304,22.8507
23,17,201.984,207.723,32.4933,34.2013,11.7033,14.24,0.65,0.656667,-3.10733,19.5413,47.5787,22.756
22.9173,17,202.005,208.651,32.264,33.9173,11.524,15.28,0.65,1.41333,-3.10733,19.456,47.816,22.6667
22.828,16.6667,202.784,208.213,32.288,34.232,11.6867,14.9387,0.694,1.11933,-3.18533,19.368,48.0267,22.568
22.7493,16,202.709,208.064,32.924,34.9853,11.3613,14.6787,2.454,0.265333,-3.10733,19.264,48.3467,22.46
22.6787,16,202.123,208.128,33.0613,35.3133,11.6053,14.4027,35.0813,0.07,-3.01667,19.134,48.6773,22.3907
22.5747,16,202.379,209.12,32.78,35.26,11.6053,15.036,457.499,0.181333,-1.18267,18.9727,49.3493,22.3213
22.5,16,202.763,209.067,32.664,35.1093,15.8973,22.7707,614.592,0.124667,16.8313,18.8667,49.2827,22.228
22.436,16,202.859,209.312,33.2533,35.6,21.002,24.3173,616,0,50.7853,18.8067,49.304,22.1533
22.3667,16,202.891,209.216,33.2987,35.704,20.9853,24.6907,617.152,0.707333,92.4907,18.8,49.1333,22.1213
22.316,16,203.051,209.12,33.872,35.9467,20.9047,24.7733,617.877,0.684,134.816,18.8113,49.3147,22.064
22.288,16,203.68,209.28,34.1333,36.0653,21.002,29.7493,618.389,1.16333,168.069,18.9047,49.6133,22.04
22.28,16.9333,203.509,209.216,34.352,36.064,20.724,39.4707,619.115,1.212,206.4,19.04,49.0667,22.028
22.284,17,203.392,208.992,33.9373,36.0813,27.8233,60.7973,619.627,1.91533,298.315,19.2467,47.5867,22.032
22.292,17,203.467,208.629,33.5773,35.5027,33.3533,84.5653,620.523,1.576,350.293,19.5127,45.976,22.076
22.332,17,204.139,208.928,33.6693,35.6907,41.32,108.571,621.12,2.24667,395.776,19.8053,44.7733,22.1227
22.3667,17.5333,204.683,208.565,33.2187,34.86,41.4347,114.651,621.12,2.42467,429.483,20.1833,44.0267,22.1787
22.4173,18,205.568,208.469,33.0307,34.72,48.752,114.267,621.205,2.426,473.429,20.6173,43.3013,22.2573
22.588,18,207.776,210.741,33.624,34.5693,51.5733,119.392,621.76,2.22533,520.256,21.0867,42.528,22.4053
22.748,18.1333,209.429,211.755,33.5773,34.1707,51.816,126.331,622.357,1.978,566.293,21.544,41.9067,22.564
22.9147,19,209.184,211.691,33.5747,34.0867,73.3173,144.261,622.4,2.21333,610.816,22.0027,41.3227,22.7427
23.1027,19,209.653,212.747,33.6747,33.9773,81.5013,144.261,622.656,2.21,654.293,22.524,40.5867,22.9387
23.3173,19,208.939,212.309,34.0227,34.0587,81.6613,144.341,622.997,2.672,698.368,23.0507,39.9253,23.176
23.54,19,209.088,211.925,34.0187,34.2067,81.4027,144.603,622.699,3.44933,743.936,23.4653,39.6587,23.4267
23.776,19.7333,208.416,211.104,34.28,34.1013,81.76,144.24,622.741,3.55867,765.184,23.8227,39.4293,23.6813
24.008,20.5333,208.384,210.955,34.1693,34.076,81.4827,144.08,622.4,4.062,793.173,24.168,39.1227,23.9627
24.2653,21,207.947,210.805,34.176,34.0893,81.4827,144.181,622.4,3.374,816.256,24.504,38.6867,24.248
24.508,21,207.851,210.731,33.9067,33.988,81.0213,144.784,622.613,3.28533,828.587,24.8907,38.644,24.5307
24.72,21,208.384,210.752,33.8013,33.968,87.0347,139.019,622.485,3.48667,828.971,25.3653,38.1107,24.8027
24.9213,21,217.792,214.709,33.8173,33.836,81.2613,134.88,622.528,3.66267,815.744,25.796,37.5787,25.136
25.2253,21.9333,230.229,235.883,34.2213,33.9227,96.752,137.92,622.4,4.40133,857.579,26.1187,36.7133,25.4573
25.5533,22,230.816,233.408,33.8,33.6653,91.2187,140.043,622.827,3.24933,919.296,26.5013,36.592,25.7253
25.824,22,227.232,228.309,33.7227,33.4853,96.832,116.688,622.955,4.468,923.008,26.9413,35.1573,25.9893
26.0747,22.9333,224.373,224.053,33.592,33.2947,102.627,114.235,622.485,3.80533,918.571,27.3387,34.8347,26.2653
26.316,23.5333,220.608,221.696,33.5,33.1013,92.92,113.296,622.869,3.79333,890.411,27.8587,34.1107,26.5293
26.5333,24,217.259,220.533,33.4613,32.9453,85.04,101.12,622.229,3.49667,787.819,28.016,33.6627,26.748
26.7733,24.5333,216.928,218.432,33.3893,32.9,90.912,106.309,622.699,3.08,837.717,28.352,33.6867,26.9707
26.984,24.6667,216.608,217.312,33.3827,32.8907,86.8747,96.744,622.443,4.10267,810.795,28.6973,32.9867,27.1827
27.2307,24,213.653,216.832,33.2347,32.624,94.664,101.616,622.4,3.30067,864.939,28.9187,31.9133,27.3547
27.4253,24.2,212.96,215.883,33.1693,32.4613,74.184,76.2987,622.059,3.49267,702.549,29.1827,31.976,27.5373
27.5853,24.9333,212.427,216.192,33.1827,32.3947,67.5387,67.52,621.632,3.49267,673.792,29.312,30.9107,27.6707
27.7453,25,210.923,214.443,32.896,32.06,71.68,68.4747,621.163,4.106,731.243,29.264,30.0827,27.784
27.932,25.5333,210.133,214.272,32.808,31.956,74.3173,65.072,621.76,4.17733,709.867,29.4013,30.3827,27.904
28.0947,26,210.229,214.283,32.5973,31.6867,80.3227,70.1093,621.845,3.62667,783.189,29.592,30.1627,28.016
28.2813,26,208.864,213.579,32.156,31.2853,65.7093,59.912,621.931,3.48467,658.347,29.76,29.4173,28.124
28.4227,26,210.08,213.429,32.284,31.412,67.5147,50.584,621.248,3.34933,617.472,29.8707,30.0093,28.2133
28.5227,26,209.493,213.632,32.0453,31.12,59.0187,52.7867,621.12,3.80133,661.568,29.848,28.936,28.3
28.6453,26,209.077,212.437,31.7827,31.2453,50.7067,45.3387,621.12,3.718,621.568,29.7707,28.288,28.376
28.7573,26,208.608,212.619,31.3387,31.1773,44.616,42.7787,620.821,3.168,540.821,29.472,27.224,28.4453
28.8373,26,206.997,212.373,31.2413,30.824,40.7173,44.032,620.565,3.572,535.808,29.168,27.6907,28.4773
28.884,26,207.189,212.299,30.9787,31.1387,24.9433,33.876,620.608,2.858,456.64,28.9787,27.5867,28.528
28.908,26,207.136,212.075,30.8773,31.3147,20.8393,32.152,620.48,1.744,420.779,28.8253,27.952,28.548
28.924,26,207.328,211.808,30.7427,31.068,20.8393,24.1373,620.48,2.34133,366.101,28.5787,27.7253,28.544
28.916,25.6667,206.197,211.861,30.2507,31.0693,21.0033,25.228,620.139,2.22533,285.739,28.356,27.8547,28.532
28.868,25,205.365,211.723,30.34,31.0933,20.7407,24.252,619.499,2.80333,190.267,28.1107,27.6533,28.5093
28.8173,25,205.152,211.467,30.1493,30.9867,21.084,24.5293,618.219,2.82267,59.656,27.8507,27.8787,28.4667
28.748,25,204.992,211.029,29.9947,30.9373,20.9047,24.2693,617.92,2.538,75.048,27.5947,28.2453,28.424
28.6747,24.8667,204.555,211.2,30.0987,31.008,20.8233,24.2693,617.707,2.80733,43.348,27.4053,28.6773,28.38
28.632,24.8,204.213,211.477,30.2667,31.2333,20.84,24.6907,617.28,2.716,28.6507,27.2093,29.0507,28.3173
28.5493,24,204.416,211.36,30.352,31.3307,20.904,24.952,617.28,2.734,18.5367,27.0027,29.4493,28.236
28.4747,24,204.885,210.645,30.4,31.3573,11.1487,18.0347,617.067,2.31133,2.76,26.7787,29.8387,28.1507
28.4173,23.0667,205.216,211.072,30.5373,31.4107,11.23,14.2893,312.605,2.89467,-3.57733,26.5613,30.3467,28.072
28.332,23,204.299,211.051,30.728,31.424,11.328,15.28,15.892,2.474,-3.512,26.3427,30.796,27.9787
28.24,23,204.085,211.296,30.8693,31.472,11.034,14.5493,1.354,2.02867,-3.512,26.1133,31.2267,27.904
28.1507,23,203.787,210.741,30.9707,31.5,11.1153,14.3547,0.65,1.67133,-3.44667,25.8973,31.652,27.8133
28.072,23,204.245,211.456,31.0813,31.56,11.3447,14.0947,0.65,2.16667,-3.512,25.7053,32.0827,27.7453
27.9693,22.2667,204.747,210.827,31.192,31.6107,11.4427,13.5093,0.65,1.672,-3.512,25.5053,32.5387,27.6387
27.868,22,204.907,211.392,31.3053,31.688,11.426,14.6467,0.65,1.80933,-3.512,25.264,33.1867,27.556
27.776,22,205.013,210.347,31.424,31.764,11.3113,14.0293,0.65,1.69667,-3.64267,25.0813,33.6373,27.4613
27.6733,22,204.661,210.581,31.5533,31.8373,10.9527,14.192,0.65,1.662,-3.64267,24.8907,34.22,27.3613
27.58,22,204.629,211.125,31.7,31.912,11.2467,14.0453,0.65,1.63067,-3.38133,24.688,34.9387,27.2613
27.492,22,204.747,210.72,31.8813,32.0053,11.1487,14.176,0.65,1.642,-3.44667,24.5227,35.48,27.1813
27.3987,22,204.021,210.827,32.0947,32.1187,11.7033,14.192,0.65,1.484,-3.316,24.384,35.884,27.0867
27.2987,21.6667,203.797,211.221,32.2573,32.1933,11.034,14.0133,0.65,1.54333,-3.708,24.2293,36.312,26.9853
27.224,21,203.851,210.485,32.3853,32.304,11.034,13.8347,0.65,0.755333,-3.512,24.0707,36.672,26.912
27.1213,21,203.776,210.709,32.512,32.4,11.2467,14.6627,0.65,1.05867,-3.25067,23.912,37.1573,26.8187
27.016,21,203.104,211.189,32.612,32.5187,11.2133,14.3053,0.65,1.41667,-3.38133,23.7587,37.492,26.72
26.916,20.2667,203.424,210.4,32.7253,32.6453,11.3113,14.192,0.65,1.432,-3.25067,23.576,37.8093,26.6187
26.7947,20,203.755,209.771,32.7747,32.732,11.23,14.1267,0.65,1.53,-3.25067,23.428,38.2533,26.5213
26.7013,20,203.627,210.795,32.8853,32.832,11.426,14.2893,0.65,1.80533,-3.18533,23.232,38.9933,26.4187
26.576,20,203.712,210.752,32.912,32.9053,11.426,14.0947,0.65,2.138,-3.316,23.0347,39.5333,26.3147
26.4507,20,203.211,210.571,33.06,33.02,11.4093,14.2893,0.65,1.75267,-3.38133,22.8653,39.9707,26.2013
26.352,19.2,203.179,210.901,33.088,33.116,11.1487,14.176,0.65,1.28133,-3.316,22.66,40.592,26.1027
26.2387,19,203.253,211.115,33.192,33.2107,11.426,14.6627,0.65,0.802,-3.18533,22.416,41.2493,25.9907
26.14,19,203.232,210.475,33.156,33.28,11.4093,14.6627,0.65,0.524667,-3.18533,22.216,41.5867,25.888
26.052,18.4667,202.848,210.517,33.0093,33.336,11.23,14.5653,0.65,0.674667,-3.12,22.0493,41.6587,25.7853
25.9413,18,202.944,210.389,32.9453,33.4173,11.328,14.2893,0.65,1.086,-3.12,21.896,41.824,25.692
25.8253,18,202.955,210.155,33.1227,33.5533,11.5887,14.5333,0.65,1.21667,-3.25067,21.7267,42.4907,25.576
25.6933,18,203.093,210.613,33.136,33.6013,11.328,14.2893,0.65,0.900667,-3.12,21.508,43.0347,25.4587
25.588,17.9333,203.595,210.539,33.004,33.652,11.2467,14.468,0.65,1.08267,-3.12,21.34,43.1333,25.324
25.4813,17.2667,203.029,210.368,32.8147,33.7293,11.524,14.5973,0.65,1.14333,-3.38133,21.1933,43.3387,25.22
25.352,17,203.723,210.709,32.672,33.804,11.7033,14.468,0.65,1.25133,-3.12,21.048,43.488,25.116
25.228,17,202.912,210.379,32.5787,33.8587,11.23,14.0453,0.65,0.708,-3.18533,20.8987,43.64,24.9853
25.112,16.6667,202.987,210.752,32.7853,33.9813,11.426,14.744,0.65,1.22667,-3.12,20.7547,43.976,24.8773
25.0053,16,202.784,210.741,32.6867,34.0053,11.3447,14.2893,0.65,1.10133,-3.18533,20.5987,44.0293,24.7587
24.876,16,203.157,210.421,32.5893,34.072,11.5073,14.9387,0.65,0.578667,-3.18533,20.5027,44.1093,24.6453
24.744,16,202.571,211.253,32.2813,33.9493,11.2467,14.208,0.65,0.775333,-3.10733,20.2993,45.3493,24.5413
24.628,16,203.381,212.715,32.1027,33.8653,11.3113,14.728,0.65,0.789333,-3.042,19.9753,46.048,24.3973
24.5027,16,204.533,213.28,32.228,34.1,11.524,14.76,0.65,0.358,-3.18533,19.7587,46.104,24.268
24.3827,16,206.144,212.373,32.0053,33.548,11.5073,14.1107,0.65,2.21867,-3.18533,19.622,45.824,24.124
24.2227,16,205.984,211.701,31.9987,33.6227,11.2467,15.1173,1.618,1.93933,-2.964,19.5233,46.4853,23.968
24.1027,15.7333,205.675,211.371,32.0507,33.9267,11.7033,14.1267,28.7573,1.622,-3.12,19.456,47.6907,23.828
23.9787,15.1333,204.512,211.413,32.0373,34.092,11.4427,14.728,360.576,1.17333,-2.73,19.4033,48.592,23.6933
23.872,15,203.371,211.243,32.1147,34.3307,12.71,20.768,614.101,0.948,5.63533,19.2907,49.4053,23.5773
23.768,15,204.011,210.987,32.108,34.336,20.9207,24.1373,615.381,1.08,37.6867,19.2067,49.8213,23.468
23.656,15,203.936,210.464,31.972,34.1547,20.904,24.8547,615.957,1.73933,51.604,19.1667,50.2347,23.384
23.5547,15,203.659,210.72,32.1307,34.4547,21.166,24.5933,615.744,1.07267,66.8053,19.12,51.0027,23.2853
23.464,14.6667,203.584,210.293,32.1453,34.632,20.9213,24.236,615.445,0.806667,43.92,19.092,52.0213,23.1787
23.396,14.5333,204.096,210.24,32.3307,35.0387,20.986,25.0493,615.36,0.400667,56.5387,19.04,53.1173,23.116
23.344,14.8667,203.84,210.645,32.368,35.1933,21.1653,35.4547,616.981,0.352667,183.163,18.9967,53.584,23.06
23.332,14,203.925,210.56,32.484,35.404,31.1107,74.832,619.285,1.13733,327.019,19.112,52.9733,23.032
23.324,14.3333,203.936,210.432,32.6747,35.8413,41.3373,92.928,619.883,2.22667,384.384,19.3607,51.7707,23.052
23.336,15,204.043,210.56,32.62,35.8427,46.4053,114.085,620.48,2.164,439.019,19.6387,50,23.1
23.352,15,204.533,210.56,32.4,35.5827,51.7333,114.336,620.907,2.69,491.861,19.9607,48.9333,23.1573
23.38,16.4667,204.245,210.155,32.3987,35.5373,51.4027,116.587,621.077,2.832,535.424,20.2827,47.4933,23.228
23.48,17.8667,203.509,209.867,32.508,34.9707,76.7413,144.08,621.12,2.83733,583.765,20.6253,46.792,23.336
23.564,18,203.445,209.995,32.4547,34.8653,81.2453,144,621.12,3.14867,629.483,20.9173,46.6987,23.4653
23.68,18.5333,203.979,209.621,32.556,34.492,81.1013,144.261,621.291,3.158,674.133,21.172,46.3227,23.5827
23.8307,19,203.883,209.44,32.5813,34.4827,81.0213,144.603,621.419,3.09,718.379,21.492,45.8747,23.76
23.9627,19,204.555,209.803,32.5933,34.2853,81.344,143.76,621.248,3.34467,757.461,21.6613,46.112,23.928
24.1,19,204.576,209.792,32.592,34.2467,81.3413,144.261,621.12,3.42533,793.728,21.8067,45.6053,24.0813
24.2653,19,204.715,210.357,32.592,34.168,81.2613,144.544,621.291,3.51,804.693,21.972,45.016,24.2547
24.448,19,205.013,210.336,32.5853,34.3,91.0427,144.16,621.589,3.35933,847.061,22.2147,44.5147,24.4267
24.588,18.8667,205.685,209.888,32.584,34.0733,84.4667,143.904,621.291,2.8,858.965,22.4347,44.2187,24.6053
24.7613,18,206.112,210.411,32.5747,34.2,108.533,144.603,621.248,3.392,886.229,22.5973,43.3307,24.7773
24.948,18.3333,206.251,210.027,32.548,33.9933,110.517,143.584,621.163,3.204,908.8,22.7667,42.648,24.968
25.0947,19,206.059,210.411,32.5427,33.9293,108.704,144.16,621.12,3.61267,927.957,22.8307,41.1493,25.116
25.2587,19,206.805,210.112,32.54,33.9533,83.8027,133.824,620.907,3.24667,875.093,22.9453,40.3973,25.2867
25.404,18.1333,206.229,211.328,32.532,33.876,108.595,143.84,621.12,2.72067,941.397,23.1467,40.2587,25.4547
25.5587,18,206.187,209.76,32.5413,33.7653,104.787,143.941,620.992,3.58933,952.661,23.312,40.2947,25.6187
25.7187,18,207.029,210.485,32.492,33.7267,102.603,132.277,621.077,3.382,954.133,23.4867,40.5507,25.7733
25.8467,18.5333,206.336,210.453,32.5373,33.8053,86.2187,106.837,620.181,3.22267,790.123,23.4827,39.9173,25.8493
25.9867,19.4,206.763,210.912,32.532,33.8067,103.301,116.243,620.821,3.276,925.888,23.544,40.6133,25.9813
26.048,19.9333,205.877,209.995,32.6507,33.876,68.376,81.5093,619.541,3.38733,648.512,23.54,39.5053,26.012
26.1253,19.2,206.784,210.389,32.764,33.9507,97.448,105.712,620.096,3.49133,881.237,23.4,39.352,26.0293
26.22,19,205.877,210.464,32.8453,33.9107,77.4133,90.2533,619.925,3.28733,722.645,23.4787,39.1587,26.096
26.3147,18.2667,205.685,209.547,33.032,33.9333,108.592,105.109,620.309,3.36667,896.512,23.4987,39.136,26.1133
26.4333,18,206.101,209.344,33.136,33.916,110.597,84.5653,620.48,3.29,861.013,23.7453,39.172,26.144
26.5413,18,206.72,209.312,33.332,33.9253,106.528,82.6427,620.139,2.948,836.779,23.9347,39.0987,26.1787
26.6467,18.5333,206.4,209.803,33.5747,34.0067,82.3493,72.1093,619.712,2.62133,749.227,23.9827,39.3213,26.212
26.744,19,207.115,209.76,33.8467,34.0413,75.1173,58.8773,619.755,3.40467,715.499,24.004,39.5,26.236
26.8093,19,206.848,208.971,34.06,34.132,73.5173,51.4027,619.115,3.40267,655.829,23.964,40.3187,26.224
26.856,19,207.275,208.875,34.38,34.2827,50.5227,42.7853,618.56,3.06133,567.36,23.792,41.544,26.204
26.868,19,206.891,209.76,34.708,34.4533,51.1573,44.5413,618.56,2.724,601.408,23.5147,43.7707,26.1533
26.896,19,206.112,209.888,35.172,34.808,43.3427,42.4133,618.389,3.002,553.472,23.212,45.3653,26.1347
26.864,18.2667,205.685,209.483,35.6667,35.036,37.3867,34.1387,617.963,3.152,504.597,22.8307,46.9147,26.104
26.8187,18,205.099,209.6,36.068,35.212,21.962,31.2573,617.877,2.81,451.093,22.4987,48,26.024
26.7667,18,204.427,209.44,36.604,35.524,21.3447,24.952,617.92,3.08,405.483,22.1867,49.2027,25.96
26.672,18,204.565,209.579,36.98,35.9747,21.0847,24.5947,617.408,2.99,352.213,21.892,49.84,25.8627
26.56,18,203.989,209.963,37.296,36.196,21.3273,24.692,617.28,2.54467,296.437,21.6453,51.1893,25.7893
26.46,18,203.552,208.971,37.6213,36.2787,20.9047,24.7733,616.853,2.484,195.835,21.428,52.3413,25.7147
26.356,18,203.2,209.184,37.8853,36.6307,21.0833,24.316,615.829,2.18133,50.2213,21.1893,52.36,25.616
26.2387,18,203.435,209.088,37.8267,36.692,20.806,24.3507,615.36,2.34733,42.5427,20.98,52.096,25.5067
26.1333,18,202.731,208.736,37.8173,36.96,21.0013,24.1533,615.36,1.57267,31.3093,20.788,52.8667,25.392
26.0133,17.2,203.189,208.235,37.808,37.0347,20.9693,24.5947,614.528,1.44133,22.436,20.62,54.0587,25.2773
25.876,17,202.283,209.056,37.2933,37.0107,19.0027,24.512,614.4,1.36933,16.3787,20.468,54.992,25.1493
25.7347,17,203.147,208.971,37.4973,37.3293,11.23,19.2053,589.184,0.965333,3.73533,20.2473,55.6507,25.0187
25.5867,17,202.805,209.419,37.7493,37.6627,11.1153,15.1827,170.008,0.956667,-3.042,20.0847,55.6853,24.8827
25.436,16.2667,203.029,209.504,37.1267,37.6267,11.4907,14.3053,11.7207,1.164,-3.10733,19.9093,55.7973,24.7573
25.276,16,202.901,209.675,37.7293,38.084,11.2467,14.208,1.178,0.883333,-3.12,19.752,55.9173,24.6493
25.1333,16,202.379,210.677,37.5187,38.1787,11.328,14.3707,0.782,0.406667,-3.18533,19.596,55.88,24.5027
25,16,202.72,210.325,36.4773,38.032,11.328,14.5493,1.134,0.756,-3.09467,19.4593,56.016,24.4187
24.8533,16,202.901,210.645,36.1773,38.12,11.0507,13.932,1.222,0.718,-3.12,19.3567,56.224,24.2827
24.724,16,203.509,210.912,36.292,38.2213,11.524,14.6467,1.178,0.326667,-3.042,19.3027,56.1147,24.1693
24.5867,16,203.595,211.061,36.604,38.424,11.328,14.776,1.09,0.337333,-3.10733,19.2133,56.12,24.056
24.4787,16,203.307,210.699,35.9267,38.3093,11.328,14.484,0.694,0.816,-3.25067,19.1667,56.272,23.944
24.364,16,204.224,211.243,35.7307,38.4467,11.5073,14.3707,0.738,0.602,-2.964,19.082,55.8613,23.8213
24.2347,16,203.648,211.253,35.9253,38.604,11.2467,15.0853,0.958,0.414667,-3.12,18.988,55.5147,23.7387
24.124,16,204.064,211.221,35.6693,38.596,11.328,14.1427,1.222,0.241333,-3.18533,18.924,55.2987,23.6333
24.012,16,203.819,211.776,35.452,38.572,11.622,15.004,0.958,0.0593333,-3.02933,18.8933,54.9627,23.536
23.9,16,204.011,211.413,35.3253,38.5853,11.6053,14.5653,0.65,0.337333,-3.042,18.8467,54.8213,23.4547
23.7907,16,203.915,210.784,35.4173,38.6947,11.426,14.76,0.65,0.114,-3.25067,18.752,54.3333,23.3453
23.6787,16,204.245,211.179,35.2133,38.664,11.426,14.988,0.65,0.100667,-3.042,18.6433,53.8533,23.2467
23.572,16,203.307,210.731,34.936,38.5733,11.524,14.0293,0.65,0.364,-3.10733,18.538,53.6453,23.1507
23.452,16,203.211,210.763,35.132,38.6573,11.7033,14.76,0.65,0.121333,-3.02933,18.4287,53.6613,23.0293
23.3627,15.6667,203.573,211.435,35.1187,38.7173,11.6053,14.6467,0.65,0,-3.042,18.3393,53.6773,22.9227
23.256,15,203.68,212,35.0453,38.6587,11.6053,14.1427,0.65,0.147333,-3.042,18.228,53.52,22.8147
23.152,14.5333,205.312,211.893,35.0387,38.6613,11.524,15.1827,0.65,0.0413333,-3.18533,18.104,53.0933,22.712
23.028,14,205.749,212.16,34.9387,38.6787,11.6867,14.5,0.65,0.106667,-2.964,17.9627,52.6027,22.5867
22.924,13.6667,205.568,211.904,34.9587,38.7053,11.6053,15.036,0.65,0.103333,-3.18533,17.832,52.2827,22.4573
22.8013,13,205.92,211.723,34.6587,38.516,11.4427,15.036,0.65,0.261333,-2.964,17.7167,52.2693,22.376
22.6853,13,205.952,212.032,34.6453,38.4813,11.426,14.1427,0.65,0.23,-2.964,17.5853,52.512,22.2427
22.5613,13,205.835,211.797,34.8173,38.5947,11.7033,15.4907,0.65,0.109333,-3.12,17.446,52.8667,22.1173
22.4493,13,206.112,212.757,34.9027,38.6387,11.524,14.5653,0.65,0,-3.042,17.3027,53.2427,21.9987
22.3187,13,206.123,212.747,34.8227,38.716,11.426,15.1173,0.65,0.052,-3.042,17.152,53.9573,21.8653
22.1933,12.7333,206.656,214.379,34.7413,38.7747,11.622,15.2147,0.65,0,-2.964,16.834,54.8747,21.756
22.076,12.1333,207.851,216.075,34.5627,38.7027,11.6053,15.1013,0.65,0.463333,-2.964,16.558,55.1013,21.636
21.9333,12,208.523,216.075,34.464,38.6667,11.3447,15.1013,0.65,0.486667,-3.042,16.3867,55.1173,21.4947
21.8253,12,209.547,216.416,34.6773,38.8,11.524,14.452,0.65,0.036,-2.73,16.2473,55.216,21.348
21.7027,12,209.312,216.565,34.6653,38.8333,11.524,15.1333,0.65,0.292667,-2.886,16.13,55.336,21.22
21.5627,11.2667,208.501,215.36,34.8613,38.9733,11.6053,14.776,0.65,0,-2.73,15.996,55.672,21.108
21.4453,11,209.579,215.68,34.7347,38.932,11.4427,14.8413,0.65,0,-2.886,15.8673,55.8747,20.9947
21.3027,11,208.203,215.424,34.6027,39.048,11.6053,14.744,0.65,0.110667,-3.12,15.7453,56.1413,20.88
21.1867,11.7333,208.811,214.581,34.5867,39.0507,11.7033,14.8573,0.65,0.072,-3.10733,15.596,55.9333,20.7693
21.0693,12,208.427,214.656,34.6,38.972,11.5073,14.9227,0.65,0,-2.964,15.494,55.5253,20.6667
20.9293,12,208.416,215.04,34.636,39.068,11.768,14.6467,0.65,0,-2.964,15.38,55.3307,20.5273
20.8213,12,208.555,215.637,34.5853,39.0133,11.5073,15.312,1.662,0,-2.808,15.2787,55.248,20.4133
20.7067,12,208.235,214.635,34.576,38.992,11.524,14.6947,33.3267,0.0933333,-2.808,15.1513,55.176,20.2767
20.5853,10.5333,208.373,214.731,34.556,39.04,11.524,15.036,410.021,0.111333,-1.97467,15.0767,55.1467,20.1447
20.4847,10,208.181,214.752,34.624,39.1053,14.7113,22.2653,612.779,0,8.5,14.98,55.464,20.0373
20.3767,10,208.053,214.347,34.716,39.056,21.182,24.7733,613.803,0,37.064,14.9033,55.5707,19.9513
20.2787,10,208.811,215.403,34.78,38.9867,21.0667,24.8547,615.403,0,74.5147,14.9133,55.5627,19.8713
20.22,10,208.992,216.427,34.744,38.9693,21.2647,24.8867,616.597,0.036,111.125,14.9687,55.5413,19.79
20.1527,10,209.248,216.843,34.7627,38.8427,21.1647,28.1587,617.408,0.0906667,151.851,15.092,55.0293,19.726
20.1033,10,209.355,216.299,34.908,38.9,21.572,34.9933,618.219,0.0493333,196.032,15.2587,54.064,19.684
20.08,10,209.504,216.107,34.9987,38.7653,21.4267,46.16,619.2,0,245.227,15.4673,53.4987,19.646
20.08,11.8667,209.643,215.957,35.1427,38.7453,28.1307,62.6213,620.011,0.163333,304.405,15.742,52.712,19.6487
20.11,12,209.803,214.837,35.48,38.6387,34.1173,84.48,620.651,0.036,351.211,16.042,52.728,19.684
20.1513,12.9333,209.76,214.731,35.5227,38.5173,41.516,105.627,621.205,0.344667,404.693,16.4367,52.0533,19.7233
20.2267,13.3333,210.656,213.632,35.6307,38.2027,44.1253,114.245,621.504,0.358,453.973,16.9633,51.736,19.8173
20.328,14,210.101,213.952,35.66,37.8667,51.5733,114.672,621.845,0.350667,508.693,17.4787,51.072,19.9387
20.4633,14.4667,210.464,213.248,35.6253,37.548,51.6533,114.875,622.528,0.22,552.683,17.9787,50.5147,20.0993
20.6053,15,210.133,213.632,35.4773,37.3587,71.3813,138.261,622.869,1.18133,606.165,18.536,50.0347,20.2633
20.7693,15.4667,210.325,213.653,35.4027,37.248,71.8373,130.616,622.443,0.713333,588.011,19.126,49.3893,20.4553
20.9707,16,209.909,213.867,35.5667,37.224,81.3013,142.859,622.784,0.841333,672.427,19.6513,48.752,20.6653
21.1947,16,210.027,213.579,35.4333,37.1813,81.6427,144.523,623.04,1.06267,687.787,20.17,48.1013,20.912
21.436,17.4667,210.389,212.96,35.3707,37.1467,76.9787,136.496,622.869,1.25533,698.965,20.668,47.5067,21.18
21.6827,18.5333,210.176,212.864,35.3627,37.152,91.9973,140.779,623.04,1.284,773.867,21.1413,47.0107,21.448
21.9573,19,210.208,212.565,35.2813,37.0733,107.443,144.421,623.509,1.31333,826.709,21.6653,46.5493,21.7587
22.2147,19.6667,209.621,211.872,35.3307,37.064,103.173,144.341,623.467,1.816,834.773,22.2573,45.3333,22.0827
22.5027,21,209.141,211.936,35.5093,36.98,94.9173,144.501,623.552,2.14267,863.147,22.8053,43.8693,22.404
22.776,21,209.504,211.669,35.4947,36.8187,86.128,144.763,623.339,2.14933,879.317,23.3827,42.464,22.7333
23.0627,21,208.768,211.307,35.5333,36.608,84.9493,130.597,623.467,2.14067,874.027,23.9213,41.6893,23.068
23.3627,21,208.021,210.923,35.5307,36.3507,84.0053,114.736,623.04,2.36133,901.973,24.3973,40.3293,23.3893
23.6413,21.9333,208.224,210.656,35.3493,36.1227,108.88,114.656,623.211,3.002,925.611,24.912,39.2747,23.6987
23.948,22,207.723,210.08,35.248,35.844,99.2107,114.587,623.125,2.32467,937.6,25.4627,38.4587,24.0213
24.2413,22,207.563,210.507,35.128,35.7627,95.024,114.395,623.467,2.14067,935.723,26.0373,37.9413,24.3253
24.528,22.8667,206.549,210.176,34.968,35.336,81.1813,114.224,623.125,2.964,931.115,26.4947,36.348,24.616
24.7893,23.9333,206.283,209.931,34.7747,35.1907,81.184,114.656,623.04,2.946,918.357,26.872,35.34,24.88
25.068,24,206.293,210.24,34.6893,35.076,81.1813,105.888,622.912,3.246,909.867,27.2013,35.0333,25.1413
25.34,24,205.952,210.624,34.4693,35.156,81.1013,84.0533,622.613,3.88467,893.056,27.6107,34.2707,25.3947
25.596,24,205.653,210.368,34.4027,35.216,81.1013,84.464,622.4,3.94,873.387,27.9347,33.3987,25.596
25.8413,24,205.899,209.696,34.42,34.7987,81.0827,85.0987,622.101,3.56467,848.853,28.232,33.1133,25.792
26.0667,24,203.925,209.408,33.772,34.3147,81.1813,76.5653,621.931,4.45933,823.808,28.4173,30.7693,25.9773
26.2627,24.7333,203.136,209.248,33.4307,34.1467,80.8613,54.6107,621.675,4.72067,796.288,28.512,30.488,26.1347
26.4413,25,203.893,209.056,33.288,33.9453,80.8427,55.064,621.163,4.76333,761.984,28.56,31.0013,26.276
26.6493,25,204.875,209.28,33.3147,33.6947,80.9413,54.1867,621.12,4.28333,725.461,28.7013,30.1813,26.4107
26.82,25,205.611,208.832,33.2667,33.5587,72.9547,48.0587,621.12,3.88867,686.763,28.8693,31.0987,26.5173
27.0027,25,203.307,208.885,31.9933,33.212,51.6533,44.456,620.992,4.14667,635.925,28.944,29.2347,26.628
27.1453,25.1333,205.003,209.28,32.448,33.4053,51.4853,41.7893,621.035,3.314,595.52,28.8733,30.084,26.732
27.2547,26,204.587,209.408,32.5133,33.0693,41.3373,39.5693,620.736,2.678,553.216,28.72,28.608,26.8
27.3187,26,204.448,209.408,31.9773,33.1547,35.94,34.1373,620.48,2.842,507.328,28.5307,28.296,26.8733
27.4093,26,204.053,209.568,32.0333,32.8147,21.6033,27.6507,620.48,3.63933,457.088,28.3467,27.964,26.9427
27.444,26,204.235,209.44,30.9347,32.5693,21.166,24.6107,620.011,3.29467,406.741,28.1027,27.5333,26.9747
27.4627,26,203.669,209.461,30.572,32.6307,21.0673,24.5947,619.84,3.362,357.739,27.8893,27.4867,26.9947
27.476,25.6667,203.36,209.536,29.9733,32.1013,20.7413,24.5133,619.755,3.62667,303.392,27.6827,27.172,27.0013
27.4707,25,203.157,209.312,30.1453,31.4867,21.2467,24.5947,618.901,4.27267,187.488,27.44,27.2813,27.008
27.4547,25,202.795,208.896,30.104,31.1867,20.8407,24.676,618.005,3.886,43.6707,27.224,27.1467,26.992
27.4227,25,202.251,208.448,30.088,31.4427,21.246,23.812,617.749,3.322,37.4293,27.0333,27.684,26.9787
27.364,25,201.835,208.331,29.9093,31.4067,20.8233,24.676,617.365,3.562,30.2027,26.8507,27.4787,26.9547
27.3187,25,201.44,208.405,30.2507,31.444,20.9053,24.512,617.28,4.38,21.816,26.64,27.7,26.888
27.2787,24.4667,200.928,207.904,30.0373,31.4787,20.9213,24.968,617.28,4.17467,12.7047,26.4427,27.62,26.856
27.22,24.3333,200.885,208.235,29.7253,31.5787,11.9293,21.176,616.896,2.124,2.406,26.2413,27.8053,26.796
27.1547,24.8667,201.408,208.32,29.748,31.6093,11.23,14.468,440.245,2.12533,-3.36867,26.0227,27.944,26.728
27.0787,24,201.216,208.405,29.8427,31.7547,10.936,14.192,48.9173,1.85933,-3.512,25.804,28.2067,26.68
26.9973,24,201.515,208.011,29.94,31.8387,11.328,14.0133,2.322,2.26267,-3.512,25.5733,28.5093,26.5907
26.9067,23.4667,201.291,207.893,30.0293,31.8013,11.426,14.6467,0.65,2.82533,-3.57733,25.3147,29.112,26.5013
26.816,23,202.315,208.149,30.24,31.5467,11.7033,14.484,0.65,2.46467,-3.512,25.088,29.9587,26.4453
26.732,23,201.728,207.712,30.5373,31.6467,10.9527,14.1267,0.65,2.46867,-3.44667,24.904,30.3307,26.368
26.668,22.6667,201.003,208.032,30.6573,31.62,11.328,14.5813,0.65,2.99267,-3.38133,24.7293,30.3493,26.2987
26.568,22,201.877,207.36,30.6307,31.6933,11.524,14.6467,0.65,3.10667,-3.316,24.536,30.5773,26.2173
26.4787,22,201.003,208.213,30.5827,31.7293,11.5073,14.728,0.65,2.64333,-3.38133,24.332,30.98,26.132
26.3893,21.0667,201.216,207.627,30.636,31.84,11.23,14.192,0.65,2.78933,-3.316,24.1187,31.6147,26.048
26.308,21,200.629,207.84,30.912,31.864,11.0507,14.468,0.65,3.20667,-3.25067,23.9293,32.3693,25.952
26.2147,21,200.885,207.243,31.0427,31.9293,11.328,14.5653,0.65,3.246,-3.316,23.7653,32.9173,25.8653
26.1427,21,201.003,207.829,31.2133,31.9947,11.3113,14.192,0.65,3.80067,-3.25067,23.572,33.516,25.78
26.0627,21,200.608,207.904,31.2493,32.0867,11.2467,14.484,0.65,3.992,-3.25067,23.3733,33.9787,25.6907
25.968,21,201.259,207.328,31.3787,32.1693,11.4907,14.3867,0.65,2.57467,-3.25067,23.1867,34.1573,25.612
25.888,21,200.779,207.584,31.6093,32.2507,11.6053,14.5493,0.65,2.464,-3.25067,23.036,34.2507,25.54
25.808,20.6667,200.619,207.563,31.8387,32.4133,11.132,14.3053,0.65,2.524,-3.238,22.908,34.2493,25.468
25.7053,20,200,207.328,31.9867,32.428,11.6053,14.2893,0.65,2.43533,-3.25067,22.8053,34.5133,25.376
25.6227,20,200.203,206.997,32.0667,32.5307,11.426,14.8413,0.65,2.37667,-3.25067,22.6867,34.8533,25.2907
25.536,20,200.075,206.528,32.1347,32.5667,11.034,14.3867,0.65,2.548,-3.25067,22.5427,35.268,25.22
25.4453,19.4667,199.797,207.883,32.2107,32.6573,11.524,14.9547,0.65,2.332,-3.25067,22.3507,35.7733,25.1387
25.3413,19,200.576,207.136,32.3027,32.728,11.4427,14.484,0.65,1.79,-3.12,22.1493,36.548,25.044
25.24,19,200.757,207.307,32.4507,32.808,11.5887,14.1107,0.65,2.32067,-3.12,21.9387,37.4173,24.9373
25.128,19,200.203,208.021,32.6067,32.9133,11.426,14.5813,0.65,2.81533,-3.17267,21.748,38.0267,24.8333
25.032,19,200.405,207.851,32.7453,33.032,11.5073,13.8987,0.65,2.886,-3.18533,21.5573,38.6147,24.7347
24.9173,19,200.757,207.467,32.908,33.12,11.5887,13.964,0.65,2.36533,-3.316,21.372,39.3627,24.644
24.8,18.9333,199.925,207.861,33.0453,33.2427,11.2467,14.9227,0.65,2.626,-3.18533,21.1827,39.7307,24.536
24.696,18.4,200.992,207.36,33.1707,33.3547,11.3113,14.516,0.65,2.65133,-3.25067,20.9947,40.3493,24.444
24.5973,18,200.651,207.275,33.252,33.4867,11.524,14.208,0.65,2.62,-3.18533,20.8133,40.828,24.3187
24.4973,18,200.128,207.744,33.28,33.584,11.426,15.0853,0.65,3.1,-3.17267,20.6773,41.112,24.228
24.4013,18,200.736,207.136,33.3573,33.656,11.5073,14.1107,0.65,2.964,-3.18533,20.5347,41.2587,24.1333
24.304,18,199.872,207.072,33.1347,33.656,11.426,14.6467,0.65,2.26333,-3.10733,20.4733,40.4893,24.032
24.2187,18,199.413,206.677,33.056,33.7107,11.6053,14.9227,0.65,1.43533,-3.042,20.364,39.7387,23.96
24.1173,18,199.733,207.499,32.98,33.708,11.6053,14.3213,0.65,1.06733,-3.25067,20.2393,38.8133,23.848
24.0187,17.4667,199.733,207.104,32.8973,33.672,11.5073,14.8253,0.65,1.002,-3.25067,20.1153,37.7813,23.7613
23.928,17,199.776,206.912,32.7053,33.616,11.426,14.2893,0.65,0.662,-3.12,19.99,37.3053,23.676
23.8173,17,199.339,207.317,32.612,33.5187,11.6053,14.2893,0.65,0.418667,-3.25067,19.8733,36.964,23.5613
23.724,17,199.872,206.741,32.5613,33.312,11.3447,15.004,0.65,0.158,-3.02933,19.742,36.5867,23.4747
23.612,17,200.299,206.656,32.504,33.144,11.6867,14.3213,0.65,0.273333,-3.12,19.5673,36.3533,23.3587
23.5067,16.2667,199.957,207.285,32.46,33.112,11.3447,15.1827,2.322,0.37,-3.25067,19.4053,36.3093,23.2387
23.4107,16,199.968,206.837,32.4853,33.0973,11.4427,14.484,43.688,0.285333,-3.25067,19.268,36.3413,23.124
23.32,16,199.648,207.552,32.52,33.0347,11.426,14.3373,477.408,0.493333,-2.314,19.0453,37.1693,23.008
23.2213,16,199.819,208.523,32.512,33.032,16.694,23.372,614.229,0.490667,9.93133,18.858,37.4013,22.9
23.128,16,201.216,208.331,32.492,33.004,20.904,24.5947,615.381,0.316,39.212,18.68,38.048,22.792
23.0213,16,201.12,208.299,32.4987,33.056,20.9047,24.0387,616.427,0.397333,74.1627,18.586,38.972,22.6973
22.96,14.1333,200.896,208.736,32.592,33.12,21.0673,24.6733,617.365,0.346667,122.203,18.57,40.1213,22.62
22.892,14,201.109,208.992,32.6,33.1987,21.164,26.868,618.56,0.652,166.843,18.636,39.136,22.552
22.8453,14.9333,201.792,208.213,32.556,33.2293,20.8233,38.2533,619.2,1.03667,220.896,18.72,38.0733,22.512
22.812,15.7333,202.016,208.437,32.52,33.1667,20.742,49.2027,619.755,0.718667,270.613,18.8487,37.6627,22.464
22.804,16,201.728,208.149,32.468,33.004,29.824,68.984,620.48,0.770667,326.549,19.0407,37.0853,22.476
22.8093,16,202.101,208.085,32.4613,32.792,35.3853,88.1493,621.12,1.396,378.475,19.264,36.3907,22.476
22.8267,16,201.984,207.392,32.372,32.6227,41.4347,114.331,621.12,1.69133,439.936,19.4973,35.6827,22.484
22.904,16,202.208,208.437,32.3053,32.4,49.4533,113.984,621.717,1.88867,491.349,19.8573,35.2787,22.5453
22.972,16.7333,201.877,208.533,32.1227,32.3573,51.3227,114.064,621.803,1.464,541.504,20.268,34.708,22.624
23.0653,17,202.603,208.448,32.2773,32.192,48.168,115.989,622.272,1.01867,532.245,20.6493,34.2427,22.7547
23.1787,17,201.333,206.283,32.4933,31.8627,75.5813,138.176,622.059,2.04,620.8,20.864,33.6613,22.836
23.32,17.5333,202.624,207.189,32.2,31.7733,81.424,144,622.912,1.07867,671.573,21.1893,33.42,22.9773
23.4707,18,202.613,207.989,31.9533,31.5747,81.1813,144.341,623.083,1.53933,709.803,21.6467,32.4947,23.1493
23.652,18.3333,203.061,208.224,31.9653,31.408,81.4827,144.101,623.339,1.37867,746.368,21.9387,32.28,23.332
23.876,18.9333,203.456,208.864,31.9733,31.2747,81.6613,144.16,622.699,2.45267,781.611,22.464,33.6107,23.5373
24.092,19,203.776,209.28,31.8947,31.168,83.088,142.341,622.869,1.49733,828.288,22.856,33.6213,23.768
24.324,19,204.576,208.853,31.932,31.0707,81.4827,144.421,622.955,1.36267,841.472,23.2093,33.6733,24.0213
24.5427,19.3333,204.277,209.856,31.8573,31.008,81.3413,143.92,623.253,1.258,865.579,23.5533,33.4947,24.2907
24.7387,20,205.291,210.059,32.0733,30.9573,81.344,143.744,622.741,2.78333,883.755,23.8707,33.7093,24.5547
24.9573,20,205.557,209.792,32.216,30.98,81.104,144.624,621.845,2.71933,911.104,24.104,33.6307,24.8093
25.164,20,204.907,210.208,32.3867,30.9107,80.7627,143.6,621.675,3.052,929.749,24.2747,33.096,25.0773
25.3747,20.1333,205.803,209.963,32.3827,30.8267,81.3627,124.512,621.717,3.366,944.341,24.548,32.552,25.3027
25.58,21,205.877,210.325,32.1,30.5067,81.3413,114.933,621.461,3.194,951.552,24.808,31.7587,25.5507
25.7733,21,205.803,210.955,32.0907,30.3613,84.208,113.824,621.248,3.96267,937.685,24.9747,31.7813,25.7613
25.9267,21,205.355,210.816,32.2667,30.5253,84.9733,108.411,620.779,3.41,867.328,25.036,32.7187,25.9147
26.036,21,205.152,210.933,32.4253,30.5107,88.2587,114.768,620.48,4.46933,922.709,24.9,32.504,26.0747
26.1773,22.0667,205.76,210.955,32.3053,30.6213,89.512,113.739,620.651,3.38933,931.669,24.888,32.952,26.1973
26.2947,21.9333,204.715,211.456,32.3,30.6027,83.024,100.848,620.48,3.948,899.968,25.004,32.8213,26.2973
26.38,21,204.309,210.923,32.4213,30.824,80.6827,86.48,620.352,3.93933,878.976,25.056,34.56,26.376
26.5,21,205.088,210.859,32.4787,31.16,80.8453,84.464,620.352,3.89533,882.475,25.2027,35.4227,26.4573
26.5773,21,205.728,211.083,32.5533,31.4133,80.7813,83.8827,619.84,3.976,872.832,25.2613,35.2013,26.492
26.632,21,204.523,210.549,32.8853,31.5653,76.9387,81.512,619.627,4.356,765.973,25.152,35.584,26.52
26.6787,22.8667,204.299,209.611,33.1013,31.8227,81.0213,82.7387,619.499,4.356,810.752,24.8987,36.5787,26.532
26.732,23,204.309,209.344,33.248,32.1067,79.2213,55.4213,619.157,4.38733,749.867,24.6253,37.5707,26.5
26.736,21.1333,203.893,209.184,33.5947,32.5773,67.8213,55.1467,618.731,5.352,726.059,24.4173,38.636,26.4667
26.752,22.6,203.627,211.04,33.78,32.7787,59.0853,47.1013,618.56,4.58333,686.123,24.1707,38.788,26.4227
26.772,23,203.413,210.272,33.864,33.0893,51.3227,44.1173,618.432,4.29933,651.328,23.924,39.4813,26.356
26.708,22.7333,204.053,210.101,34.1027,33.504,51.3893,44.28,617.92,4.47267,605.717,23.4747,40.8107,26.2773
26.6733,21,204.011,209.504,34.4733,33.6707,42.036,39.8893,617.92,3.884,563.435,23.104,41.9893,26.1933
26.6133,21,204,210.869,34.804,34.2867,33.988,34.1533,617.877,3.66533,502.656,22.7467,43.04,26.108
26.5053,21,203.328,210.432,35.084,34.456,21.4253,31.5893,617.579,3.818,456.533,22.3653,43.944,25.992
26.408,21,202.688,209.408,35.3413,34.4507,20.822,24.7893,617.28,3.704,392.448,22.104,44.704,25.888
26.3133,22.0667,202.837,209.536,35.6147,34.7707,20.904,24.2533,617.28,3.33267,347.403,21.872,45.9867,25.7707
26.18,20.6,202.837,209.045,36.088,35.2053,21.02,24.7707,617.067,2.76267,296.213,21.652,47.6933,25.672
26.108,20,202.144,210.048,36.8613,35.84,21.002,24.4147,616.555,2.558,183.867,21.5,48.784,25.56
25.9907,20,203.147,209.205,36.904,35.4373,20.888,24.2187,615.787,2.804,57.9573,21.3253,49.472,25.4267
25.8733,20,202.176,209.003,37.4853,35.9827,20.822,24.432,615.36,2.308,47.6213,21.164,50.7493,25.3187
25.7533,19.6667,202.453,209.44,37.3987,35.8747,20.9047,24.512,615.36,2.16067,41.0347,21.0133,51.8053,25.2053
25.632,19,201.984,209.173,35.9147,35.2027,21.1013,24.5293,615.296,1.538,42.1427,20.8533,52.52,25.116
25.5213,19,201.771,208.747,34.7493,34.8547,20.7407,24.5947,614.912,2.192,24.042,20.7107,53.3227,24.9893
25.36,19,202.283,209.664,35.3067,35.7267,12.0753,20.5067,614.4,1.99,4.32,20.5373,53.856,24.8453
25.212,17.1333,201.813,209.173,34.7533,35.5133,11.0673,15.004,369.301,1.36467,-2.964,20.3473,54.6427,24.7227
25.0667,17,202.357,209.28,34.6107,35.712,11.23,13.948,42.77,1.28867,-3.042,20.1467,55.3787,24.5907
24.9187,16.8667,201.835,209.216,34.5507,36.0053,11.5407,14.468,1.618,1.57533,-3.18533,19.926,56.056,24.4467
24.748,16,202.336,209.408,33.8893,35.6347,11.6867,14.484,0.694,2.078,-3.042,19.7173,55.936,24.3187
24.5987,16,202.528,209.248,34.0907,36.296,11.2467,14.224,0.65,1.24667,-3.12,19.5393,56.256,24.152
24.4653,16,202.891,210.08,34.0213,36.4813,11.524,14.5653,0.65,1.13267,-2.964,19.3813,56.4267,24.0107
24.3533,16,202.123,209.76,34.54,37.092,11.328,14.452,0.65,1.04067,-2.886,19.2107,56.7707,23.8853
24.1933,16,202.411,209.152,34.0467,36.824,11.5073,14.224,0.65,0.765333,-3.12,19.0473,57.016,23.752
24.0347,16,202.165,209.44,34.036,36.9653,11.524,15.1013,0.65,1.05,-3.12,18.884,57.4293,23.6107
23.9027,15.2667,201.867,208.981,33.86,37.0373,11.3113,14.192,0.65,1.2,-3.042,18.7313,57.6107,23.4893
23.7773,15,202.251,209.632,34.696,37.8347,11.524,14.4027,0.65,0.433333,-3.12,18.5853,57.7813,23.3507
23.6387,15,201.824,209.728,35.1907,38.0853,11.5073,15.3773,0.65,0.0773333,-3.12,18.4193,57.848,23.232
23.5133,15,201.611,209.312,36.08,38.472,11.6053,13.8507,0.65,0.474,-3.042,18.2393,58.368,23.1133
23.3787,15,202.293,210.261,35.42,38.56,11.28,14.744,0.65,0.116667,-3.02933,18.0307,59.0267,22.9787
23.252,15,201.472,210.112,35.1067,38.6307,11.3447,14.9227,0.65,0,-2.886,17.898,58.7787,22.852
23.1293,15,202.72,210.272,35.0573,38.756,11.6053,14.1427,0.65,0,-3.042,17.7587,58.7947,22.7387
22.9973,15,202.197,209.931,34.9653,38.7773,11.524,14.8253,0.65,0,-3.02933,17.658,58.784,22.608
22.8773,14.2667,202.688,209.909,34.5907,38.6147,11.6053,14.8573,0.65,0.150667,-2.886,17.5633,58.5227,22.48
22.7227,14,202.603,210.165,33.7747,37.9573,11.7033,15.02,0.65,0.962667,-2.886,17.4913,58.448,22.3773
22.6013,14,202.571,211.381,34.044,38.568,11.5073,14.9067,0.65,0.14,-3.17267,17.34,58.6027,22.2533
22.4787,12.9333,203.371,211.541,33.9667,38.452,11.6053,14.5813,0.65,0.08,-3.042,17.226,58.392,22.124
22.3333,12,203.627,212.704,33.8907,38.5573,11.4427,14.8733,0.65,0.108,-3.042,17.122,58.5173,21.9787
22.204,12.0667,204.8,212.043,34.5413,39.0907,11.6867,14.9227,0.65,0.402,-2.886,16.934,59.1387,21.8413
22.0853,13,204.64,211.563,34.8627,39.24,11.524,14.5653,0.65,0.384,-2.964,16.7173,60.1867,21.7187
21.9627,13,204.992,212.203,34.7747,39.3213,11.524,15.296,0.65,0.409333,-3.042,16.5347,60.9147,21.5907
21.8347,12.8667,205.835,212,34.948,39.4653,11.622,15.2147,0.65,0.116,-3.12,16.366,60.7413,21.464
21.7027,12.2667,205.397,212.459,34.548,39.4813,11.6053,15.036,0.65,0.08,-2.73,16.258,60.8053,21.336
21.5667,12,205.515,213.909,34.728,39.5747,11.524,14.2893,0.65,0.374,-3.02933,16.0987,61.36,21.2107
21.432,12,206.699,213.835,35.2013,39.7267,11.7033,14.468,0.65,0.578,-2.73,15.9693,61.3333,21.0867
21.2933,12,206.784,214.507,34.8587,39.7413,11.524,14.9547,0.65,0,-2.964,15.912,61.376,20.9773
21.1707,12,206.848,212.757,34.6533,39.7093,11.5887,15.1333,0.65,0,-2.886,15.8747,60.7227,20.8627
21.048,12,206.283,213.035,34.7907,39.7907,11.7033,14.728,0.65,0,-2.87333,15.8227,60.6827,20.7573
20.9307,11.8667,206.091,212.715,34.98,39.9507,11.7847,15.1173,0.65,0,-2.73,15.7447,60.8587,20.652
20.816,11,206.368,211.872,34.7107,39.8733,11.6867,14.6627,0.65,0,-2.73,15.6473,60.544,20.5387
20.712,11,205.909,212.576,34.608,39.868,11.6867,15.1333,0.65,0.106667,-3.042,15.57,60.056,20.426
20.5933,11,205.835,212.907,34.4693,39.7573,11.524,14.9227,0.65,0,-2.73,15.4987,59.7707,20.3127
20.4993,11.3333,205.877,213.088,34.564,39.864,11.7847,15.052,0.65,0,-2.964,15.4033,59.8293,20.178
20.366,12,205.483,213.28,34.3173,39.5853,11.6053,14.9387,0.65,0.145333,-2.964,15.3433,59.4453,20.0693
20.274,12,206.848,213.259,34.5293,39.8573,11.768,15.604,0.958,0,-2.652,15.268,59.6987,19.954
20.176,12,206.667,214.347,34.6653,40.012,11.7847,15.328,3.37667,0.0646667,-2.964,15.1813,60.184,19.8487
20.0887,12,206.699,213.867,34.86,40.096,11.6053,15.2307,54.4853,0,-2.808,15.0633,60.6,19.7393
19.976,11.0667,207.584,213.611,34.7933,40.116,11.6867,14.76,491.232,0,-0.948,14.9813,60.7387,19.6393
19.88,11,207.36,214.197,34.7813,40.0813,18.1587,24.692,612.949,0,17.0393,14.8733,60.7947,19.5333
19.7767,11.5333,206.795,215.019,34.6107,39.8467,21.182,24.676,613.931,0.137333,48.556,14.8633,60.208,19.4333
19.6953,11.3333,208.139,216.245,34.8107,40.0773,21.4733,24.8547,615.573,0.052,102.619,14.86,59.7067,19.372
19.6493,10,209.045,215.829,34.904,40.204,21.1827,25.896,616.939,0.234,140.453,14.91,58.704,19.314
19.614,10.3333,208.597,215.125,35.0107,40.1933,20.8233,35.7347,617.621,0.438,188.245,15.034,58.0907,19.28
19.5673,11,209.099,215.115,35.1893,40.096,21.2287,43.1973,617.92,0.604,213.973,15.1693,57.6453,19.25
19.5633,11,208.64,214.379,35.1093,39.8773,21.2293,50.352,618.56,0.392,256.523,15.348,56.7653,19.236
19.5633,11,208.661,213.387,35.352,39.8453,27.5127,70.5307,619.328,0.491333,318.24,15.598,55.88,19.24
19.602,11,209.141,213.653,35.5133,39.7347,33.8907,91.184,620.309,0.951333,373.248,15.9107,54.9467,19.27
19.6627,12.8667,208.523,213.259,35.788,39.7547,41.3373,114.507,620.48,1.06333,426.325,16.276,53.648,19.34
19.738,14.4667,208.309,212.875,36.1067,39.4187,44.5827,114.064,621.163,1.07867,479.552,16.768,52.6293,19.3947
19.842,15,208.203,212.256,36.0053,38.9293,51.72,114.837,621.76,0.896,526.464,17.2933,51.656,19.526
19.986,15.7333,208.576,215.68,35.9373,38.5827,51.736,104.357,622.187,0.854,570.816,17.8993,50.912,19.7107
20.1533,16,210.965,222.133,36.0093,38.5987,51.9173,84.72,622.784,1.19867,617.664,18.506,50.1013,19.842
20.4253,16.8,219.477,261.643,35.5947,38.7,55.736,84.6613,622.741,1.45267,640.533,19.1647,49.1893,20.1933
20.656,18,235.403,296.971,35.6107,38.936,79.7413,97.4667,622.912,1.55933,694.229,19.8433,48.3413,20.546
20.8827,18,252.651,313.216,35.8413,38.9293,81.6827,114.72,622.997,1.574,736.512,20.562,47.552,20.8573
21.1467,19.6,277.525,307.435,36.14,38.616,81.5627,114.763,623.04,2.05533,774.656,21.2507,46.424,21.0933
21.4213,21,278.645,297.952,36.26,38.5707,81.5013,117.541,623.04,2.34133,808.107,21.9227,45.696,21.3453
21.7013,21,278.048,289.92,36.2987,38.436,81.584,144.683,623.04,2.278,836.693,22.58,44.7547,21.672
21.9907,21.4,273.333,280.683,36.0987,38.2493,81.7627,142.661,622.912,2.706,855.723,23.1907,43.968,22.0133
22.264,22,269.248,269.685,35.912,38.096,81.5627,144.341,622.4,2.70333,874.453,23.6893,43.376,22.356
22.5507,22,264.587,258.816,35.788,38.02,81.7413,144.363,621.845,3.32467,889.045,23.9667,43.7467,22.656
22.844,22,253.568,248.032,35.828,37.98,81.6613,144.32,621.76,3.48867,903.509,24.184,43.7493,22.9587
23.1187,22.1333,243.072,239.605,35.972,37.984,81.744,144.341,621.76,3.55,919.168,24.4667,43.8667,23.2587
23.3707,23,236.043,232.725,35.912,38.0267,81.3227,144.603,621.76,3.07133,924.373,24.7947,44.0667,23.5293
23.6147,22.0667,230.229,227.584,36.004,38.0853,81.6827,144.181,621.632,3.26733,927.488,25.1467,43.7813,23.788
23.8587,22,225.813,223.584,35.9853,38.144,81.4827,119.371,621.76,3.136,930.005,25.516,43.376,24.0347
24.1133,22,221.632,221.024,36.052,38.2867,81.5813,114.491,621.205,3.51667,925.909,25.8053,44.296,24.268
24.352,22.2,218.091,218.155,36.2667,38.5573,81.0827,114.4,621.12,3.28467,919.552,26.04,44.872,24.48
24.5693,23,216.267,215.627,36.3267,38.812,81.504,114.411,621.12,3.19333,914.688,26.3107,45.312,24.6613
24.78,23,214.731,214.272,36.388,39.012,81.52,103.189,621.12,2.52467,878.635,26.624,45.32,24.832
24.98,23,213.632,214.08,36.4813,39.1653,81.3627,86.2187,621.12,2.75933,877.739,26.9,44.952,25.0067
25.1973,22.4667,212.864,212.992,36.664,39.2693,81.0827,91.6267,621.12,2.84867,859.008,27.1467,44.4027,25.156
25.4267,22.6667,211.947,212.235,37.112,39.368,79.104,76.8293,621.077,2.492,794.517,27.308,44.336,25.3227
25.6173,23,211.52,212.853,37.4253,39.488,81.024,76.3013,621.077,3.48333,790.656,27.4653,43.816,25.4493
25.8333,23,211.211,211.552,38.0413,39.5093,74.7547,62.016,620.864,2.20467,711.061,27.5453,44.1813,25.584
26.008,23,210.816,211.52,38.1,39.5187,63.072,58.1093,620.395,2.67267,639.04,27.536,43.9227,25.692
26.1253,23,209.835,212.139,38.9613,39.696,44.0573,52.9653,619.584,2.08067,454.784,27.3173,43.7227,25.772
26.2707,23,208.832,211.531,39.284,39.788,57.1827,62.8747,619.755,2.90133,595.349,26.9533,44.12,25.8573
26.364,23.9333,207.573,210.496,39.8067,40.0973,38.6707,46.1227,619.2,2.172,430.005,26.616,44.6427,25.916
26.4347,24,206.325,210.613,40.14,40.2107,43.9173,51.4027,619.2,1.99733,500.821,26.2933,45.1333,25.972
26.496,24,205.355,210.24,40.4707,40.5373,25.752,37.9053,618.731,2.40867,297.92,25.9827,45.5573,25.984
26.52,24,204.203,210.144,40.8093,40.5667,25.822,39.8093,618.475,1.87733,367.179,25.6147,45.9013,25.9867
26.5173,23.8667,203.36,211.616,40.8787,40.792,21.066,26.0907,618.091,1.432,183.829,25.312,46.384,25.992
26.4973,23,204.149,211.488,40.9973,41.0133,20.904,24.4947,617.792,1.54667,188.096,25.0667,46.736,25.9653
26.4693,23,203.008,210.251,41.0747,41.2267,20.9387,24.4147,617.451,1.32867,155.461,24.8533,47.1147,25.936
26.444,23,202.656,209.248,41.12,41.2853,20.9213,24.7733,617.28,1.93333,129.237,24.632,47.528,25.9
26.396,23,202.464,208.395,41.28,41.3733,20.9207,24.5933,616.64,1.73467,106.731,24.4053,48.072,25.8427
26.3493,23,201.952,209.195,41.4053,41.64,21.148,24.5947,616.64,1.126,84.8853,24.1907,48.4213,25.808
26.3027,22.6667,201.195,209.376,41.5467,41.6933,20.742,24.7733,616.64,1.49867,68.8613,23.992,48.9547,25.7293
26.2253,22,201.568,208.789,41.7013,42.04,21.1,24.5933,616.171,1.41067,45.6947,23.7733,49.536,25.68
26.1453,21.3333,202.091,208.693,41.8853,42.0987,20.6607,24.496,616,1.02333,23.118,23.532,50.144,25.604
26.084,20,201.557,209.067,42.0427,42.1147,10.838,22.3947,615.872,0.877333,7.07867,23.3,50.7333,25.5093
25.988,20.7333,201.643,209.344,42.1973,42.248,11.1487,14.452,475.509,0.982,-2.54867,23.064,51.5627,25.428
25.888,20.2667,202.805,209.333,42.1093,42.2107,11.4427,14.8413,51.4193,1.09133,-3.18533,22.8453,52.768,25.3253
25.7813,20,202.795,210.016,42.3093,42.3893,11.2133,14.3707,2.498,0.786667,-3.38133,22.6253,53.6747,25.22
25.6587,19.6667,203.477,210.72,42.8533,42.8,11.2467,14.468,0.782,0.908,-3.18533,22.364,54.5947,25.1053
25.556,19,203.157,209.76,43.176,43.0667,11.426,14.5653,0.65,0.646667,-3.238,22.076,55.4613,24.9987
25.4413,19,202.987,209.237,43.312,43.2053,11.1487,14.1267,0.65,0.301333,-3.38133,21.8467,56.104,24.9
25.332,18.8667,203.477,210.155,43.16,43.2773,11.0507,14.6467,0.694,0.423333,-3.12,21.6387,56.728,24.8013
25.2173,18,202.901,209.589,42.6907,43.4027,11.426,14.1107,0.65,0.721333,-3.042,21.4453,57.5253,24.7107
25.1107,18,202.347,209.664,42.5547,43.5227,11.6053,14.2893,0.65,0.557333,-3.25067,21.2627,58.0293,24.604
24.9947,17.0667,202.688,209.824,42.9253,43.8107,11.0507,14.0133,0.65,0.480667,-3.18533,21.0733,58.752,24.488
24.868,17,201.973,209.312,41.7307,43.6267,11.5887,14.9227,0.65,0.760667,-3.17267,20.896,59.1947,24.396
24.7467,17,202.165,210.293,41.9107,43.928,11.23,14.1267,0.65,0.379333,-3.18533,20.704,59.8827,24.2853
24.6227,17,202.475,209.845,41.716,44.2,11.5073,14.224,0.65,0.303333,-3.042,20.4773,60.44,24.1613
24.516,17,202.059,210.539,41.4587,44.288,11.426,14.76,0.606667,0.0933333,-3.238,20.2933,61.1227,24.048
24.408,16.8667,202.453,209.632,40.68,44.104,11.034,14.6307,0.65,0.678667,-3.18533,20.0973,61.4907,23.956
24.2733,16,201.941,210.613,40.4707,44.1253,11.5887,14.484,0.65,0.641333,-3.17267,19.9087,62.0587,23.828
24.1373,16,202.528,210.165,39.536,43.9467,11.1487,15.296,0.65,0.666667,-3.042,19.766,62.4133,23.7107
24.0147,16,202.688,211.637,40.132,44.3947,11.4093,14.6627,0.65,0.316667,-3.12,19.5953,62.9547,23.596
23.9,16,202.656,211.627,39.9147,44.6907,11.5887,14.6947,0.65,0,-3.18533,19.37,62.912,23.4827
23.7773,16,203.339,212.309,39.7893,44.664,11.2633,14.8253,0.65,0.0806667,-3.25067,19.1613,63.424,23.372
23.6533,15.2,204.235,213.301,39.76,44.6533,11.6053,14.484,0.65,0.173333,-3.042,19.0167,64.3093,23.2587
23.5333,15,203.573,211.819,39.6347,44.704,11.4427,14.9067,0.65,0.217333,-3.12,18.912,64.6933,23.1493
23.4173,15,204.064,211.179,39.4573,44.7093,11.6053,14.5,0.65,0,-2.808,18.818,65.04,23.0533
23.332,15.4,203.765,211.68,39.352,44.7627,11.524,14.9227,0.65,0,-3.12,18.7413,65.3173,22.9307
23.2227,15.9333,203.2,210.901,39.0733,44.7253,11.6867,14.9067,0.65,0.533333,-3.18533,18.6767,65.7627,22.828
23.1133,15,203.616,210.549,38.724,44.632,11.6053,14.6627,0.65,0.632667,-3.12,18.612,66.2933,22.7307
23,15,203.285,210.88,38.5373,44.728,11.7033,15.1827,0.65,0.207333,-3.042,18.5373,66.6293,22.64
22.8947,15,202.763,210.795,38.3027,44.696,11.524,14.2893,0.65,0.163333,-2.964,18.47,66.6933,22.5373
22.7853,15,202.944,210.379,37.752,44.312,11.524,15.1827,0.65,1.21333,-3.25067,18.406,66.4507,22.4307
22.664,15,203.189,211.829,37.5253,44.2053,11.524,14.4027,0.65,1.332,-3.10733,18.3227,66.6853,22.3387
22.5707,15,202.805,213.856,38.1053,44.9813,11.4427,14.5493,0.65,0.0673333,-2.886,18.1867,67.0613,22.224
22.476,15,204.384,213.12,38.084,45.0373,11.622,14.5813,0.65,0,-2.964,18.0733,67.0907,22.132
22.3653,15,204.853,213.472,38.0173,45.008,11.6053,15.1987,0.65,0.0493333,-2.964,17.938,67.2267,22.044
22.2653,15,204.597,214.507,37.9893,45.0027,11.6053,14.4027,0.65,0.232,-2.964,17.8333,67.1147,21.952
22.168,14.6667,206.112,214.101,38.0613,45.2213,11.7847,14.8573,0.65,0,-3.12,17.7387,67.3707,21.8427
22.064,14,206.763,214.379,38.0373,45.2533,11.524,14.9547,0.65,0,-3.042,17.5713,67.52,21.7533
21.98,14,207.083,215.339,38.1813,45.3707,11.4427,15.052,0.65,0,-2.964,17.4213,67.976,21.652
21.8787,13.4667,207.413,215.072,38.048,45.352,11.524,14.6787,0.65,0,-2.95133,17.3433,68.312,21.5613
21.8,13,208.181,215.019,38.0627,45.384,11.6053,15.1173,0.958,0,-2.964,17.2193,68.4827,21.4533
21.6853,13,208.32,216.469,38.18,45.456,11.6867,14.8893,5.00267,0,-3.10733,17.1,68.4533,21.3613
21.5787,13,208.128,216.747,38.2787,45.5467,11.524,14.9547,87.2,0,-3.10733,17.0433,68.536,21.252
21.4947,13,209.472,216.725,38.1413,45.4773,11.524,14.8413,446.656,0.052,-1.65067,16.9713,68.0507,21.1613
21.3947,13.6,209.333,218.261,38.152,45.5493,16.0753,22.5093,613.376,0,11.468,16.9067,67.76,21.068
21.304,15.8,210.101,220.789,38.1947,45.6187,21.166,24.7893,614.08,0,48.604,16.8247,67.6667,20.984
21.2173,16,211.061,222.293,38.0453,45.336,21.0033,24.7733,615.531,0.396667,98.2453,16.788,67.048,20.916
21.14,16.7333,212.459,223.147,38.0693,45.248,20.9027,24.496,616.555,0.796667,128.304,16.88,66.3787,20.8427
21.112,17,213.088,224.117,38.4227,45.496,21.2473,24.8533,618.133,0.179333,155.381,16.986,65.7307,20.7907
21.0747,17,213.355,223.104,38.564,45.5547,21.0847,26.4147,618.987,0.0386667,213.472,17.142,65.392,20.756
21.072,17,213.643,223.061,39.0267,45.4533,20.9847,34.468,620.096,0.0386667,276.363,17.3387,64.6587,20.732
21.1,17,214.272,221.707,39.544,45.424,28.4253,38.076,620.907,0.199333,333.813,17.6527,61.8533,20.732
21.156,17.6667,214.827,221.813,39.8,45.36,31.468,44.296,621.12,0.83,384.875,18.0713,61.048,20.732
21.2173,19,214.229,221.067,40.0653,44.9973,40.752,48.4987,622.059,0.636,439.744,18.5147,60.0827,20.78
21.316,19.1333,214.293,218.336,40.74,44.7013,41.4987,54.6133,622.571,1.15867,492.096,19.0187,58.008,20.8667
21.4493,19.9333,213.664,217.045,41.2827,44.4133,50.3493,66.6347,622.912,0.892667,542.763,19.608,56.2587,20.984
21.616,20,212.779,216.448,41.5747,44.152,51.4053,84.9227,623.125,1.62067,593.024,20.2533,54.56,21.1533
21.8053,20,212.352,215.488,40.8467,44.0213,51.6533,86.4,623.467,1.60333,640.064,20.9027,53.1573,21.32
22.008,21.4667,211.723,213.877,40.7093,43.7387,76.4427,114.597,623.851,1.03933,680.363,21.5093,52.0933,21.5587
22.2587,22,210.635,214.581,40.5653,43.5413,81.664,114.48,624.32,1.04133,716.373,22.2,50.5707,21.836
22.4947,22.6667,209.952,213.493,40.4413,43.3093,81.6613,114.571,624.491,0.792,752.085,22.8587,49.472,22.1333
22.7933,23,209.589,213.173,40.4053,43.1387,81.8427,114.496,624.576,1.984,788.224,23.4467,48.3253,22.428
23.076,23,208.64,212.939,40.312,42.9387,81.4027,118.176,624.32,1.604,819.413,24.0667,47.1627,22.7413
23.364,23,208.192,212.832,40.232,42.6907,81.7413,144.603,624.533,1.39267,845.867,24.6773,46.0933,23.1053
23.6507,23.1333,207.861,212.448,40.1227,42.4107,81.2427,144.24,625.003,1.24533,868.48,25.2907,45.0827,23.4533
23.9493,23.9333,207.509,212.256,40.004,42.1227,81.8427,144.24,624.917,1.816,890.24,25.9507,43.272,23.8213
24.2773,24,207.883,212.299,39.772,41.728,81.1627,144.16,624.32,1.95667,908.459,26.5387,42.2773,24.1947
24.5907,24.5333,206.581,211.797,39.6227,41.2213,81.3413,144.443,624.32,1.91933,923.563,27.0333,40.7973,24.556
24.908,25,206.816,212.405,39.3867,40.9133,81.1813,144.16,624.661,1.71533,931.584,27.592,39.9413,24.9133
25.228,25,209.184,212.096,39.232,40.552,81.2427,144.784,623.637,2.69,933.376,28.12,39.9453,25.2667
25.5213,26.0667,210.389,212.149,39.2747,40.388,81.0213,143.221,623.125,3.58533,931.456,28.4213,40.288,25.6133
25.8187,27,211.072,212.533,39.3707,40.716,81.0213,115.104,622.315,3.23533,925.995,28.384,40.3013,25.8867
26.0853,27.9333,210.891,212.704,39.448,40.836,81.7653,113.035,621.888,2.36467,887.68,28.288,40.58,26.1227
26.3133,29,210.549,213.141,39.5427,41.04,84.1307,112.341,621.76,2.846,903.083,28.2947,40.488,26.3307
26.54,29,211.349,212.608,39.6693,41.936,80.9227,114.96,621.76,2.89133,892.672,28.32,39.028,26.504
26.7493,28,210.837,213.387,39.7787,41.756,80.7627,86.7573,621.76,2.64067,875.947,28.3133,38.608,26.6667
26.9507,25.6667,211.211,216.832,39.8653,41.5667,80.8613,83.968,621.589,3.04067,856.107,28.3813,38.5453,26.7787
27.1573,25,211.904,217.675,40.0067,41.2227,80.7627,84.4693,621.12,3.582,833.92,28.4093,37.9693,26.8893
27.316,25,210.891,216.395,39.996,41.036,80.7627,69.0827,621.035,3.11,807.339,28.324,37.9973,27.004
27.476,25,210.688,214.261,39.7,40.8253,80.6827,54.464,620.779,2.92533,779.179,28.292,37.8573,27.076
27.568,24.8667,209.28,280.907,37.9707,40.332,80.9413,51.1227,620.608,3.18333,744.747,28.2427,37.268,27.176
27.6,24,212.469,304.544,36.672,39.2067,58.664,44.1973,620.224,3.45,708.565,28.116,36.1493,27.216
27.6173,24,214.805,291.072,35.436,38.04,51.488,44.1147,619.84,3.56067,669.589,27.9013,35.5853,27.216
27.7467,24,215.851,246.741,36.5427,39.1693,51.1413,44.016,619.84,3.01333,630.955,27.6547,35.544,27.224
27.856,23.4667,215.392,236.704,36.0907,38.98,48.4373,34.4827,619.584,3.06733,589.163,27.3187,35.296,27.26
27.9,23,212.747,227.349,35.7587,39.5,41.3373,34.2213,619.669,2.484,539.989,26.9667,35.3813,27.252
27.924,23,211.659,224.395,35.5027,38.7173,33.012,29.16,619.243,2.70267,493.376,26.6093,35.2267,27.224
27.884,23,209.152,219.989,35.3867,38.64,21.2473,24.4147,618.944,3.314,447.232,26.1627,35.6747,27.196
27.8493,23,207.979,214.24,35.4187,39.0133,21.002,28.804,618.56,2.42467,370.731,25.7253,36.972,27.1467
27.7893,23,207.979,212.683,35.5067,38.6613,20.922,27.16,618.091,2.39867,267.365,25.372,37.58,27.072
27.724,23,206.112,213.109,35.5373,38.188,20.8233,25.6667,617.92,1.78333,309.227,25.052,38.3373,26.9973
27.6493,22.4,205.152,211.509,35.6733,38.4693,20.904,24.268,617.835,2.22,194.219,24.752,38.732,26.924
27.576,21.6667,204.224,211.264,35.668,38.4907,20.906,24.6907,617.024,1.73,87.408,24.4533,39.0813,26.8427
27.5027,21,204.565,211.733,35.776,38.4333,20.8233,24.2347,616.64,1.49133,73.3947,24.1867,39.5093,26.7627
27.412,20.8667,204.288,211.435,35.948,38.6707,20.9207,24.7573,616.64,1.734,63.6427,23.948,39.86,26.6813
27.3133,20.2,203.691,210.475,36.088,38.6933,21.0033,24.056,616.555,1.836,58.7093,23.72,40.5707,26.5813
27.208,20,203.499,209.973,36.1533,38.796,21.002,24.5293,616.085,1.75067,34.652,23.512,41.1253,26.48
27.0933,20.9333,203.552,210.219,36.3933,38.724,15.0347,22.396,616,1.49133,12.3653,23.2787,42.0373,26.384
26.98,20.0667,203.157,211.125,36.6933,39.016,11.034,15.1013,394.955,1.38933,-2.34,23.06,43.0347,26.268
26.8427,20,204.267,211.648,37.076,39.2573,11.524,14.728,45.9227,1.10933,-3.44667,22.824,43.936,26.1533
26.728,20,204.085,212.491,37.3827,39.556,11.7033,14.728,2.76067,0.885333,-3.316,22.5893,44.4133,26.0413
26.5893,19.2667,205.173,212.661,37.4547,39.5267,11.132,14.2733,0.694,0.698,-3.316,22.3653,44.896,25.92
26.4427,19,205.301,211.851,37.6453,39.5573,11.5887,14.468,0.65,0.110667,-3.30333,22.1173,45.5227,25.804
26.3427,18.2667,204.491,211.893,37.856,39.6053,11.034,13.948,0.65,0.339333,-3.25067,21.9027,46.3467,25.692
26.22,18,205.323,211.456,38.1813,39.7107,11.6053,14.0293,0.65,0.241333,-3.10733,21.7187,47.376,25.5973
26.1147,18,204.171,211.424,38.4693,39.824,11.0507,14.208,0.65,0.691333,-3.12,21.556,48.84,25.484
26.0027,18,204.075,211.392,38.804,39.916,11.2133,14.2733,0.65,0.741333,-3.12,21.4187,50.08,25.376
25.8693,18,204.032,210.688,39.044,40.076,11.328,14.468,0.65,0.681333,-3.25067,21.2627,51.088,25.2707
25.756,17.8667,203.371,210.976,39.1653,40.224,11.426,14.3867,0.65,0.612,-3.38133,21.124,51.5893,25.152
25.6147,17,203.221,211.253,39.1773,40.3467,11.132,14.3867,0.65,0.812667,-3.12,20.9507,52.2773,25.0307
25.4827,17,202.805,211.136,39.144,40.416,10.9527,14.3867,0.65,1.01267,-3.18533,20.7587,52.6747,24.92
25.336,17,203.659,211.776,39.0747,40.512,11.1487,14.468,0.65,0.691333,-3.18533,20.6253,53.1013,24.8
25.2067,17,203.52,211.787,39.0507,40.5867,11.3927,14.6307,0.65,0.841333,-3.10733,20.4813,54.0293,24.688
25.0827,17,203.115,211.456,38.8133,40.5707,11.2467,14.8253,0.65,1.15,-3.10733,20.3807,54.824,24.584
24.944,17,203.883,211.115,38.9173,40.7427,11.426,14.3867,0.65,0.934,-3.25067,20.286,55.7413,24.4747
24.8213,17,202.987,210.539,38.668,40.7653,11.6053,14.468,0.65,1.37,-3.12,20.2233,56.0053,24.348
24.6933,17,202.987,209.984,38.2067,40.7093,11.4093,14.3867,0.65,1.56067,-3.042,20.1733,56.9547,24.2613
24.58,17,202.379,209.813,38.576,41.128,11.6053,14.484,0.65,0.862667,-3.316,20.084,57.872,24.1413
24.4813,17,202.027,209.077,38.444,41.196,11.622,14.2893,0.65,1.068,-3.25067,20,57.376,24.044
24.3933,17,202.091,209.376,38.472,41.3453,11.5073,14.2893,0.65,1.05867,-2.886,19.9047,57.376,23.9373
24.2587,17,201.44,209.792,38.4307,41.5733,11.524,15.0853,0.65,0.692,-3.18533,19.8,57.7013,23.8427
24.1773,17,201.653,209.707,38.5653,41.6773,11.5073,14.3053,0.65,0.376,-3.042,19.7267,56.9547,23.7587
24.0667,17,201.728,209.184,38.244,41.5467,11.328,14.6307,0.694,1.016,-3.02933,19.68,56.5813,23.66
23.9493,17,201.173,209.899,38.0747,41.5573,11.5073,15.02,0.65,0.8,-3.17267,19.5933,56.544,23.572
23.864,17,201.045,209.707,38.236,41.752,11.524,14.76,0.65,0.745333,-2.964,19.53,56.496,23.4853
23.7733,17,201.152,209.803,38.3333,41.8027,11.7033,14.484,0.65,0.492667,-2.964,19.4787,57.6587,23.404
23.6747,17,201.771,209.707,38.3747,41.9627,11.4093,15.3613,0.65,0.168667,-3.18533,19.4413,57.7013,23.3107
23.5947,17,201.397,210.005,38.5347,42.1067,11.5073,14.6787,0.65,0.223333,-3.12,19.37,57.0187,23.244
23.4987,16.8,200.928,210.229,38.2587,42.096,11.524,14.6467,0.65,0.242667,-3.12,19.32,56.376,23.1547
23.4107,16,202.336,210.997,38.248,42.08,11.4093,14.8253,0.65,0.150667,-3.12,19.288,56.36,23.092
23.3573,16,202.283,211.243,38.352,42.1013,11.5073,14.1267,0.65,0.100667,-3.042,19.23,56.992,22.9933
23.2733,16,202.421,212.128,38.3973,42.2293,11.524,15.1013,0.65,0.0773333,-2.964,19.18,57.288,22.924
23.2093,16,202.411,211.755,38.3907,42.1867,11.6053,14.1107,0.65,0.238667,-3.12,19.112,57.9067,22.8587
23.1053,16,203.488,212.224,38.3893,42.2747,11.5073,14.452,0.65,0.215333,-3.10733,19.0773,57.912,22.7667
23.028,16,203.595,212.384,38.3,42.4,11.3447,15.02,0.65,0,-3.10733,18.9993,58.6427,22.704
22.9493,16,204.587,213.803,38.3893,42.432,11.524,14.5,0.65,0,-3.18533,18.89,59.5013,22.6213
22.8893,16,205.579,215.531,38.4693,42.5307,11.622,15.0853,0.65,0,-2.964,18.8333,59.392,22.552
22.8053,16,206.549,215.317,38.4333,42.576,11.426,14.4027,2.366,0.794667,-3.042,18.7733,59.616,22.472
22.7227,16,207.179,216.533,38.4373,42.6613,11.7033,14.5813,39.6493,0.558667,-3.10733,18.67,60.1813,22.4013
22.636,16,207.701,217.493,38.468,42.7627,11.524,14.5653,273.109,0.558667,-2.24867,18.5813,61.208,22.328
22.5573,15.8667,208.021,217.301,38.524,42.9147,11.6053,18.9747,613.931,0.178667,6.546,18.5133,62.4907,22.2653
22.488,15,208.757,216.245,38.5733,43.0267,20.1407,24.6107,614.4,0,16.6647,18.5,63.0427,22.184
22.4067,15,208.683,215.392,38.596,43.104,21.2633,24.1373,614.4,0.135333,25.7213,18.5,63.3947,22.1267
22.34,15,208.427,215.755,38.636,43.184,20.8233,24.772,614.464,0.0493333,31.2187,18.4967,63.072,22.072
22.268,15.1333,208.491,216.928,38.7867,43.3253,21.1007,24.8547,615.296,0.332,58.152,18.5333,62.5093,22.0133
22.232,15.8,208.16,216.085,38.5853,43.1307,20.986,25.0493,615.744,0.646,101.387,18.602,62.4133,21.9787
22.192,16,208.416,215.253,38.5933,43.1147,21.164,24.692,616.085,0.454,109.248,18.6967,62.2827,21.94
22.144,16,208.949,215.701,38.332,42.7627,20.742,24.8547,616.256,1.34333,130.88,18.8067,62.552,21.916
22.132,16,208.971,218.155,38.5907,42.9387,20.9047,24.676,616.64,0.646,167.339,18.8833,62.1333,21.892
22.124,16,209.259,217.003,38.7453,43.0987,21.0833,25.032,616.64,0.528,138.933,19.0053,61.664,21.88
22.132,16,209.621,216.459,38.8933,43.5573,20.986,24.3987,616.725,0.584,145.84,19.1587,60.632,21.8613
22.14,16,209.728,216.139,39.0613,43.5627,21.164,26.6907,617.237,0.524,185.717,19.2993,59.8053,21.868
22.172,16.0667,209.579,215.659,39.024,43.488,20.986,34.9093,617.536,0.354667,214.112,19.4553,59.1227,21.884
22.1973,16.9333,208.821,215.104,39.004,43.52,20.9033,34.5507,617.92,0.544,216.917,19.5993,58.5413,21.94
22.2373,17,208.672,215.147,39.2467,43.4667,22.0107,43.2573,617.963,0.406667,257.227,19.7807,57.9813,21.9747
22.288,17.9333,208.597,214.08,39.42,43.1333,29.7273,44.2773,618.389,0.520667,266.859,19.976,57.3707,22.06
22.3613,18,209.589,214.336,39.4653,42.9413,21.5233,44.56,618.56,0.0773333,251.456,20.176,56.7973,22.14
22.4227,18,209.483,214.112,39.5907,42.9093,21.0653,41.456,618.56,0.249333,230.944,20.364,56.4293,22.2053
22.5053,18,209.035,207.125,39.6693,42.7973,32.6193,53.5493,618.773,0.283333,292.917,20.564,56.1573,22.2893
22.6093,18,213.227,208.523,39.5893,42.872,41.6173,66.7227,619.797,0.148,368.768,20.78,55.5413,22.388
22.728,18,215.563,210.464,39.7627,43.4187,42.556,64.5547,619.84,0.376667,378.091,21.076,54.8933,22.4533
22.8547,19,216.224,212.459,39.8573,43.408,49.156,84.5867,620.437,0.858667,443.435,21.388,54.3627,22.6
22.972,19,217.035,212.416,39.916,43.2507,39.812,64.5573,620.053,0.614667,356.992,21.7253,53.84,22.7453
23.088,19.5333,218.005,212.256,39.968,43.264,41.4347,54.8213,620.011,0.262,368.32,21.9347,53.5573,22.8827
23.212,20,216.907,211.211,40.2453,43.376,41.436,54.544,619.925,0.926667,350.272,22.108,53.336,23.008
23.336,20,216.501,210.592,40.1707,43.3467,35.3373,54.7893,619.797,1.056,323.627,22.3093,52.9973,23.1413
23.432,20,215.371,210.667,40.2547,43.4347,41.596,54.8053,619.627,1.15267,380.843,22.4733,52.8347,23.2693
23.564,20,215.787,209.728,40.2373,43.48,45.848,80.488,619.755,1.906,423.083,22.6667,52.7467,23.4227
23.7013,20.4,214.773,208.341,40.0933,43.5333,67.3173,96.1547,619.797,2.30533,545.792,22.848,52.5547,23.5627
23.8693,21.0667,213.739,206.955,40.0907,43.544,44.2213,66.2827,619.456,2.406,408.619,23.036,52.184,23.712
23.976,22,207.733,206.336,40.1987,43.6453,41.4973,56.6187,618.773,2.16133,370.752,23.052,52.1867,23.8293
24.0707,21.8667,205.696,204.416,40.4827,43.72,36.7213,55.16,618.56,1.76933,342.869,23.072,52.3973,23.92
24.1627,21,204.693,203.243,40.672,43.832,38.0867,54.6107,618.56,2.334,346.784,23.104,52.0427,24.0107
24.2467,21,203.808,204,41.008,43.92,39.6947,62.376,618.56,2.22467,372.309,23.076,51.776,24.084
24.348,21,203.093,202.955,41.6427,43.9787,42.1987,59.1653,618.56,1.99333,376.981,23.064,51.6693,24.1787
24.4347,20.4667,202.197,203.424,42.1307,43.9573,33.1747,54.872,618.56,1.43,337.408,23.048,51.856,24.244
24.508,20,201.547,202.645,42.4533,44.0213,39.696,52.264,618.901,1.342,379.84,23.096,52.0427,24.3093
24.564,20,201.952,201.877,42.184,44.0827,37.1267,47.88,618.731,1.65733,333.536,23.164,51.7653,24.364
24.632,20,201.141,201.867,42.3093,44.0827,42.6773,54.968,619.115,1.42,419.627,23.208,51.8107,24.42
24.732,20,200.235,201.195,42.1813,44.1013,45.5587,54.2853,619.2,1.778,453.845,23.2707,51.6773,24.5
24.8053,20,200.331,201.397,42.424,44.1253,42.1173,49.2027,619.2,2.08933,413.461,23.3293,51.5733,24.548
24.884,20,200.096,200.96,42.5067,44.2213,31.84,44.2187,618.645,1.67333,335.413,23.3187,51.328,24.6067
24.9347,20.5333,199.733,200.597,42.744,44.2533,22.3047,39.304,618.389,1.72467,279.051,23.264,51.2987,24.64
24.9667,21,198.987,200.544,42.8213,44.3013,23.1013,39.1307,618.219,1.84533,296,23.1893,51.6347,24.6667
24.9893,21,198.411,201.109,43.056,44.344,21.166,34.7427,617.92,1.57733,219.765,23.1,51.8267,24.68
25.0013,21,198.389,200.811,43.2987,44.4267,21.3447,24.0733,617.451,1.49733,171.093,22.9973,52.1547,24.692
24.9893,21,197.568,200.235,43.5467,44.5413,20.562,24.7733,617.28,1.65667,158.165,22.8733,52.2533,24.66
24.9787,20.4667,197.461,199.68,43.7253,44.672,20.986,24.952,617.109,1.096,139.525,22.7347,52.728,24.652
24.964,20,197.856,200.16,43.9733,44.7627,20.9033,24.1373,616.853,0.899333,107.824,22.568,53.4293,24.624
24.928,20,198.283,200,44.192,44.8507,20.8053,24.952,616.597,1.24,85.9813,22.4253,54.112,24.5867
24.86,19.8667,198.016,200.864,44.3867,44.9947,21.0673,24.236,616.128,1.21933,69.1547,22.2453,54.9733,24.54
24.8093,19,197.568,200.565,44.5707,45.1547,20.9213,24.692,616,1.35067,46.904,22.084,55.9707,24.476
24.764,19,197.717,199.979,44.9253,45.4053,19.1807,24.952,615.744,1.10667,19.8507,21.8933,57.0853,24.404
24.6733,19,198.144,200.501,45.2827,45.6347,11.524,15.8853,615.36,1.016,4.866,21.6947,58.3307,24.3307
24.5907,19,198.347,201.408,45.808,45.9467,11.23,14.728,461.979,0.902,-1.76733,21.5253,59.6507,24.248
24.5173,18.0667,198.048,201.163,45.9813,46.248,11.23,14.6467,44.916,0.892667,-3.18533,21.34,60.96,24.1733
24.4507,18,198.219,201.184,46.112,46.4187,11.524,14.3213,2.45333,0.727333,-3.18533,21.148,61.616,24.08
24.3653,18,198.4,200.533,46.136,46.688,11.3113,15.1827,0.782,1.018,-3.18533,20.9213,62.3413,23.988
24.26,17.8667,198.048,201.184,46.048,47.0347,11.426,14.3053,0.65,0.630667,-3.12,20.744,63.192,23.904
24.1813,17.2,197.867,201.536,46.1707,47.3013,11.23,14.4027,0.65,0.462,-3.042,20.52,64.2427,23.804
24.0787,17,198.869,201.237,45.968,47.4347,11.3613,14.9547,0.65,0.228,-3.316,20.3387,64.88,23.7147
23.9853,17,198.336,201.216,45.2587,47.4907,11.6867,14.484,0.65,0.328667,-2.95133,20.1933,65.5733,23.6173
23.888,16.4667,198.016,201.632,44.5173,47.5973,11.426,14.6627,0.65,0.533333,-3.12,20.044,66.2747,23.5173
23.7787,16,198.283,201.419,44.936,47.8853,11.6053,15.1987,0.65,0.192,-3.25067,19.898,66.8987,23.428
23.6653,16,198.411,201.877,44.9493,48.0853,11.5407,14.484,0.65,0.234,-3.10733,19.7453,67.176,23.3293
23.5773,16,198.24,201.856,44.7333,48.16,11.5073,14.988,0.65,0.036,-3.09467,19.606,67.552,23.228
23.476,16,197.888,200.896,44.8427,48.3067,11.6867,14.8253,0.65,0.052,-3.02933,19.48,67.856,23.144
23.384,16,198.112,200.683,44.5707,48.312,11.524,14.3053,0.65,0,-3.042,19.3573,67.928,23.0293
23.308,16,197.792,201.195,44.0587,48.168,11.6053,15.02,0.65,0,-3.12,19.232,68.2987,22.9453
23.208,16,197.696,201.301,43.8267,48.1307,11.426,14.5813,0.65,0,-3.12,19.112,68.128,22.8507
23.1093,15.8667,198.581,201.877,43.448,48.2373,11.5073,14.9387,0.65,0,-3.042,18.972,67.968,22.7573
23.0147,15,198.944,204.213,43.5493,48.184,11.426,15.0693,0.694,0,-3.10733,18.792,68.2987,22.6787
22.9267,15,199.68,205.92,43.4107,48.2053,11.7847,14.5813,0.65,0,-3.10733,18.65,68.1733,22.5813
22.832,15,200.864,206.165,43.2533,48.16,11.5073,14.0453,0.65,0,-3.042,18.5407,68.208,22.464
22.7213,15,201.259,206.613,42.6027,48.0613,11.7033,15.1173,0.65,0.122,-3.02933,18.416,68.1227,22.388
22.6253,14.1333,201.547,208.533,42.6827,48.0053,11.426,14.4027,0.65,0,-3.12,18.2673,67.9733,22.316
22.5373,14,202.688,207.819,42.744,47.984,11.5073,14.76,0.65,0.0986667,-3.12,18.1853,68.2133,22.1933
22.4333,14,203.52,207.008,42.2053,47.5973,11.622,14.9547,0.65,0.949333,-3.12,18.1593,68.3173,22.1107
22.3347,14,203.424,207.552,42.704,47.944,11.6053,15.02,0.65,0.22,-3.12,18.124,68.392,22.0053
22.2307,14,203.275,206.731,42.6133,48.1733,11.5073,15.02,0.65,0,-3.042,18.0267,68.704,21.916
22.156,14,203.616,207.264,42.1813,48.1147,11.524,14.76,0.65,0.148,-2.964,17.8407,68.8453,21.8147
22.0587,14,203.659,208.245,42.28,48.1387,11.3613,14.9387,0.65,0,-2.964,17.654,69.0747,21.7307
21.976,14,203.808,208.149,42.5893,48.28,11.6867,14.5813,0.694,0.111333,-3.18533,17.57,69.2373,21.636
21.8907,14,205.205,208.555,42.8373,48.3253,11.524,14.6787,0.65,0.365333,-3.12,17.5467,69.5067,21.548
21.8173,14,205.195,208.843,42.656,48.248,11.524,14.8733,0.65,0.122,-2.808,17.53,69.6373,21.476
21.7267,14,205.067,209.408,42.8053,48.4,11.7033,14.8413,0.65,0.152667,-3.12,17.5667,69.4187,21.4013
21.6507,14,205.483,209.909,42.9947,48.4613,11.524,14.8573,0.694,0,-3.042,17.6007,69.6587,21.316
21.56,14,204.779,209.664,42.9493,48.448,11.6867,14.6787,0.694,0,-3.10733,17.6473,69.2213,21.252
21.5,14.6,205.653,208.597,42.4187,48.144,11.524,15.1173,0.694,0.658667,-3.042,17.7233,68.9253,21.1893
21.44,15,206.059,208.843,42.5573,48.32,11.6053,15.1493,0.65,0.254,-2.964,17.7467,68.7387,21.1267
21.372,15,205.525,209.152,42.3547,48.2293,11.6053,14.9387,0.65,0.582,-3.042,17.7333,68.7227,21.064
21.296,15,205.557,208.832,42.4587,48.352,11.6053,14.8413,0.65,0.830667,-3.042,17.7067,69.272,21.0067
21.2373,15,205.131,208.768,42.7787,48.68,11.6053,15.312,0.694,0,-3.042,17.648,69.3653,20.9547
21.1747,15,205.504,208.32,42.7067,48.6373,11.6053,15.328,2.40933,0.238667,-3.02933,17.6127,69.312,20.8813
21.108,15,205.355,207.531,42.8213,48.824,11.6053,14.9547,35.2573,0,-2.964,17.58,69.3707,20.8213
21.052,15,205.003,207.168,42.9787,49.0533,11.7847,15.312,205.072,0,-2.02733,17.5093,69.5947,20.7667
20.988,14.6667,204.235,208.917,43.12,49.24,12.6453,18.0813,598.891,0.0986667,6.87,17.4173,69.8027,20.7107
20.9293,14,203.648,208.373,43.264,49.16,18.6607,24.7573,614.4,0.121333,13.6167,17.3933,69.568,20.66
20.8827,14.1333,203.968,208.171,43.4213,49.4107,21.1653,24.7733,614.4,0,28.796,17.3767,69.5467,20.5973
20.84,15,203.915,207.477,43.4293,49.2427,21.1647,24.316,615.04,0,34.8067,17.3967,68.96,20.572
20.792,15.3333,204.555,206.901,43.4773,49.1413,21.2633,24.432,615.445,0,68.6053,17.472,68.76,20.532
20.7627,16,203.616,206.251,43.7067,49.064,21.1013,26.76,616.427,0,135.709,17.57,68.6747,20.512
20.7653,16,203.691,206.283,43.6693,49.0187,21.0833,34.4667,618.432,0.192,234.656,17.6953,68.3973,20.516
20.8,15.2667,203.872,205.301,43.408,48.808,27.904,43.0773,619.541,0.0386667,274.784,17.8707,68.4507,20.532
20.836,15.3333,203.456,203.659,43.4587,48.9093,23.1033,37.672,619.584,0,235.765,18.0913,67.224,20.5533
20.8787,16,203.456,203.157,43.856,49.008,23.9647,39.0213,619.285,0,238.219,18.2807,67.4507,20.5813
20.9093,16,202.101,202.869,43.536,48.648,20.9207,34.3853,618.56,0.08,209.333,18.454,66.8133,20.628
20.968,16,202.539,202.901,43.8213,48.4187,27.79,41.3773,618.731,0,263.147,18.642,66.4133,20.696
21.0453,16,202.88,201.984,43.9787,48.2053,41.4267,61.8187,620.096,0.230667,383.285,18.8487,65.9147,20.78
21.144,16.9333,202.187,202.261,43.984,47.9947,60.1867,89.1813,620.907,0.732667,521.013,19.2353,64.656,20.8973
21.308,17,202.176,202.112,43.9093,47.6133,74.8613,112.069,622.443,0.54,643.883,19.7353,63.6427,21.0453
21.4933,17,202.027,201.931,43.648,47.3947,81.6027,114.587,623.125,0.791333,666.517,20.2707,62.776,21.248
21.7013,17,202.059,199.797,43.2027,47.2347,79.3867,116.08,623.168,1.19867,710.208,20.7533,61.92,21.4853
21.9307,17.5333,201.333,200.779,43.248,47.3067,81.7413,116.667,623.125,0.678,739.2,21.2467,61.1173,21.732
22.1653,18.7333,201.323,201.003,43.1387,47.3467,71.4293,107.357,623.296,0.978,658.443,21.7,60.384,21.9947
22.3333,19,202.133,200.267,43.4267,47.688,35.208,45.1347,620.181,1.22933,293.067,21.912,60.3307,22.156
22.4987,19,201.515,200.501,43.4827,48.048,88.568,115.112,620.608,2.016,705.387,21.9093,60.8293,22.3333
22.7293,19,202.027,199.755,43.2613,48.136,92.92,131.803,621.589,2.434,805.12,22.2573,60.2213,22.592
22.9573,19,200.864,199.072,43.3227,48.2107,100.651,136.416,621.461,2.55333,852.949,22.6627,59.4107,22.828
23.192,19,200.704,199.061,43.3973,48.2373,105.693,138.8,621.163,2.654,891.989,23.0093,58.744,23.068
23.4267,19,200.64,199.36,43.3813,48.1627,109.648,144.683,621.589,2.776,902.272,23.3627,58.0587,23.336
23.6547,19.3333,200.032,198.485,43.4933,48.04,103.013,138.784,621.547,2.51,897.408,23.7,57.4933,23.5693
23.9,20,199.893,198.613,43.456,48,104.072,120.589,621.504,3.04333,847.979,24.0533,56.3413,23.7933
24.072,20,199.904,197.931,43.504,48.1733,77.384,95.7547,620.736,3.128,695.424,24.156,55.9707,23.9613
24.264,20.6667,199.307,198.112,43.6667,48.2587,89.688,106.173,620.779,2.40733,800.341,24.1453,56.0267,24.1347
24.4573,22,199.723,198.571,43.76,48.1333,91.2427,114.592,621.12,2.07267,826.88,24.1987,56.136,24.2947
24.6267,22,199.701,198.347,43.752,48.1973,105.776,118.592,621.248,2.81267,934.357,24.352,56.088,24.464
24.8307,21.0667,199.211,198.752,43.832,48.176,93.9493,110.952,621.163,2.998,897.237,24.5747,56.0053,24.6387
25.0107,21,199.093,199.232,43.888,48.288,104.451,107.264,620.736,3.702,884.843,24.712,55.5467,24.768
25.1787,21,199.019,198.219,44.144,48.4107,88.1627,80.384,620.437,2.76867,795.243,24.704,55.1813,24.888
25.3173,21,199.04,197.461,44.496,48.4587,69.512,79.7547,619.755,3.50933,664.181,24.632,54.4027,24.9987
25.388,21,198.443,198.357,45.304,48.544,22.3033,26.6547,618.005,2.45667,149.265,24.332,54.5867,25.036
25.376,20.8667,197.749,197.643,46.4187,48.8533,15.7347,21.6307,612.992,1.87733,10.816,23.8027,57.2533,24.9813
25.3267,20,197.365,198.101,48.6533,49.1227,21.0033,24.5133,615.36,1.33533,65.3673,22.9893,66.9787,24.94
25.2827,18.9333,197.237,197.696,50.064,49.7467,20.7407,24.5293,615.296,0.629333,61.5787,22.4107,69.304,24.8413
25.1947,17.2667,196.555,198.037,51.3467,50.512,20.904,24.952,614.976,0.943333,52.304,22.0467,70.1893,24.764
25.108,17,196.021,197.333,51.6053,50.944,20.8233,24.056,614.848,0.750667,70.528,21.708,71.1573,24.6827
25.0213,17,195.68,197.451,51.4853,51.4587,21.1653,24.7573,614.848,1.45267,47.7867,21.4547,71.3173,24.588
24.912,17,195.115,198.496,52.1893,51.9893,21.0833,24.8707,614.4,1.49533,46.6267,21.092,71.9093,24.5
24.7907,17,194.997,197.344,52.5893,52.3013,20.8227,24.1547,614.528,1.278,56.1413,20.796,72.4747,24.404
24.6707,17,194.741,197.408,52.5787,52.4987,21.02,24.772,614.528,2.02467,48.4533,20.474,71.1067,24.316
24.564,17,195.189,198.368,52.1387,52.576,21.0833,24.1373,614.464,2.524,35.816,20.084,68.3307,24.224
24.4427,17,194.677,197.536,51.5013,52.624,20.724,24.4147,614.4,2.55,34.6413,19.6093,66.648,24.1093
24.3067,17,195.008,196.704,50.6853,52.536,20.742,24.8707,614.4,1.57267,29.9013,19.298,66.496,23.972
24.1827,17,194.251,197.013,49.8933,52.3573,20.66,24.6907,614.4,0.986,21.1773,19.1153,68.0773,23.8853
24.0533,17,194.592,196.448,49.1627,52.2427,20.742,24.4147,614.464,1.988,26.204,19.082,67.904,23.7693
23.9307,17,193.579,196.32,48.6827,52.104,16.4347,24.952,614.4,2.24533,18.9673,18.9487,66.8373,23.6667
23.804,17,192.928,196.267,48.6853,51.9707,11.4427,23.8587,614.4,2.474,16.522,18.7493,63.7413,23.544
23.6733,17,193.152,195.904,48.4027,51.7653,11.6053,19.888,614.464,2.27467,9.944,18.5327,62.6507,23.4307
23.5347,17,192.8,195.819,47.8453,51.4667,11.5407,14.3053,614.4,2.79467,4.01867,18.35,61.872,23.3147
23.3947,16.7333,193.152,195.339,47.704,51.128,11.426,15.02,444.64,2.71667,-0.949333,18.25,62.24,23.1747
23.2813,16,193.035,196.043,47.9253,50.9307,11.6867,14.712,41.138,1.768,-3.042,18.1293,61.5413,23.04
23.1573,16,192.661,196.224,47.624,50.744,11.4427,14.3867,3.15667,2.28067,-3.10733,17.9833,61.168,22.9053
23.016,16,192.8,195.061,47.208,50.4933,11.524,15.28,0.738,2.44533,-3.042,17.8313,60.8907,22.7813
22.8987,16,191.723,195.84,46.768,50.3627,11.622,15.1987,0.65,1.95867,-3.042,17.686,61.232,22.656
22.764,16,192.437,195.829,46.4453,50.296,11.4427,14.6627,0.65,1.75333,-2.964,17.556,61.128,22.5187
22.6187,15.6667,192.277,195.371,46.7413,50.2533,11.6053,14.4027,0.65,2.19933,-2.808,17.3633,60.5813,22.4067
22.4907,15,192.416,196.256,46.9387,50.112,11.6053,14.8253,0.65,2.00933,-3.12,17.1207,60.2773,22.2693
22.344,15,192.416,195.296,46.6747,49.9493,11.426,15.1173,0.65,1.936,-3.042,16.938,60.3867,22.1387
22.196,15,191.989,196.043,46.4693,49.872,11.866,14.6627,0.694,2.12267,-2.886,16.7927,59.376,22.0027
22.072,15,192.32,195.36,46.416,49.8053,11.622,14.8893,0.65,1.89667,-3.042,16.674,58.6667,21.8747
21.9453,15,191.957,195.243,46.184,49.632,11.5073,14.9387,0.65,2.682,-2.964,16.4647,58.52,21.7227
21.7987,15,191.968,195.211,46.0693,49.36,11.622,14.6133,0.65,2.666,-3.042,16.3167,57.7573,21.5733
21.656,15,191.115,194.592,45.8027,49.2373,11.622,14.5973,0.65,2.73733,-2.886,16.1453,57.2907,21.44
21.5173,14.4667,190.901,194.923,45.736,49.0187,11.6053,14.8413,0.65,2.03733,-2.964,16.0113,57.6693,21.292
21.3853,14,191.189,194.048,45.6133,48.9467,11.524,15.036,0.65,1.84133,-2.964,15.8433,58.248,21.1653
21.2453,14,190.379,194.112,45.4827,49,11.6867,14.8733,0.65,1.55067,-2.886,15.72,58.9333,21.04
21.1187,14,190.56,193.995,45.3573,49.0987,11.622,15.2147,0.65,1.64867,-3.02933,15.6473,59.4267,20.94
20.9853,14,190.411,194.219,45.3813,49.1573,11.6053,15.052,0.65,0.958667,-2.886,15.516,59.6427,20.8173
20.864,13.4667,190.485,194.731,45.2613,49.1733,11.524,15.572,0.65,0.732,-2.652,15.4213,59.976,20.696
20.736,13,190.859,193.856,45.3547,49.224,11.7033,14.9387,0.65,1.87533,-2.652,15.3233,60.2693,20.5653
20.616,13,190.507,194.283,45.4427,49.2267,11.67,15.3933,0.65,2.24067,-2.71733,15.1733,60.3093,20.444
20.5007,13,190.88,193.984,45.416,49.2427,11.524,15.052,0.65,1.90867,-2.964,15.1013,60.4587,20.3013
20.3833,13,189.877,193.803,45.3387,49.2773,11.8013,15.1493,0.65,1.71533,-2.95133,15.0567,60.504,20.1727
20.26,13,190.133,194.101,45.248,49.1973,11.6867,15.052,0.65,1.07333,-2.73,15.0147,60.5627,20.0567
20.1587,13,190.037,193.397,45.2853,49.1067,11.524,15.1333,0.65,1.08867,-2.886,14.9627,60.5413,19.958
20.0427,13,190.069,194.283,45.3387,49.1227,11.3613,15.036,0.65,1.83533,-2.574,14.8427,60.648,19.8373
19.9213,13,190.549,194.24,45.2987,49.1627,11.9473,14.6787,0.65,1.86733,-2.73,14.796,60.2533,19.7293
19.82,13,190.613,193.877,45.352,49.104,11.6867,15.4907,0.65,2.004,-2.73,14.7893,59.8373,19.6213
19.7107,13,189.931,193.504,45.368,49.136,11.7033,15.1333,0.65,2.072,-2.73,14.7533,59.7333,19.5013
19.6093,12.4667,190.667,193.952,45.3387,49.12,11.524,15.052,0.65,1.61333,-2.964,14.69,59.9333,19.4133
19.506,12,190.261,192.928,45.28,49.1147,11.7847,15.312,0.65,2.17733,-3.042,14.644,60.2853,19.3273
19.3987,12.3333,189.589,193.355,45.3013,49.0587,11.6867,15.4907,0.65,1.87667,-2.73,14.594,60.3893,19.22
19.312,13,189.845,193.973,45.264,48.936,11.7847,15.2147,0.606667,1.492,-2.574,14.5867,60.5707,19.1267
19.2127,13,189.973,193.227,45.256,48.848,11.7033,15.344,0.65,1.14267,-2.808,14.56,60.4933,19.02
19.1213,13,189.909,193.504,45.2907,48.7973,11.6053,15.1333,0.65,1.35467,-2.808,14.5047,60.4613,18.9207
19.0233,13,189.195,193.973,45.2773,48.792,11.524,15.4253,0.65,0.696667,-2.808,14.4447,60.3467,18.8153
18.9393,13,190.261,193.333,45.2613,48.7627,11.6867,15.4907,0.65,0.432667,-2.574,14.41,60.472,18.7467
18.8567,12.6667,189.835,192.96,45.296,48.76,11.6867,15.4253,0.914,1.02,-2.95133,14.3413,60.6,18.6527
18.7707,12,189.408,193.557,45.3387,48.7733,11.768,15.036,8.076,0.926,-2.886,14.2227,60.8693,18.5687
18.6847,12,189.931,193.909,45.4293,48.8533,11.6053,15.5227,293.401,1.10533,-2.886,14.066,61.184,18.4467
18.5807,12,190.848,193.973,45.4187,48.9147,11.7033,17.544,612.736,0.769333,1.02733,13.888,61.8693,18.3673
18.5087,12,190.336,193.685,45.432,48.952,20.9047,25.244,613.589,0.797333,23.7847,13.7773,62.3573,18.2833
18.4267,12,189.728,194.219,45.3973,48.9573,21.3287,24.7893,614.976,0.822667,57.864,13.742,62.6373,18.2113
18.3567,12,190.848,194.219,45.4213,48.9333,21.246,24.7573,616.085,1.21467,101.08,13.76,63.2267,18.1367
18.326,12,190.923,194.091,45.3973,48.872,21.23,24.9507,616.981,1.586,149.296,13.8633,62.64,18.1
18.2787,12,190.741,193.653,45.4373,48.736,21.264,24.66,617.493,1.942,199.68,14.0627,62.2987,18.0433
18.2433,12.5333,190.891,193.461,45.5173,48.6053,21.3113,27.6867,618.091,1.72867,250.112,14.2913,61.5013,18.02
18.2473,13,191.264,193.355,45.6267,48.5013,21.5073,34.9947,618.56,2.172,303.787,14.5493,61.3573,17.9733
18.286,13,191.605,193.376,45.6347,48.432,31.3053,43.2933,619.072,2.78733,357.888,14.852,60.0373,18
18.3227,13,191.723,192.448,45.6667,48.28,36.6053,45.0587,619.499,2.842,414.656,15.1807,59.2293,17.97
18.3667,13.5333,191.275,192.107,45.688,48.0693,37.4507,48.3733,619.541,3.34267,403.968,15.5567,57.648,18.0553
18.4347,14.3333,191.051,192.128,45.6213,47.8987,39.9733,47.4667,618.816,3.38467,415.253,15.8613,56.5547,18.0927
18.5527,15,191.52,192.416,45.5573,47.704,48.1653,69.6027,619.627,3.79267,519.861,16.2267,55.1467,18.1953
18.656,15,191.499,192.416,45.4107,47.488,52.2853,74.472,619.968,2.88867,499.872,16.6533,53.9467,18.3093
18.8047,15,191.883,192.875,45.1893,47.2613,64.9227,100.747,620.693,3.25,613.504,17.056,52.96,18.4693
18.9547,15.1333,192.288,193.013,44.984,47.0213,69.9493,101.373,620.736,3.15533,625.995,17.526,51.8187,18.6433
19.136,16,192.501,193.856,44.752,46.6427,62.5253,87.0053,620.907,2.858,582.325,18.0613,51.3253,18.844
19.2953,16,192.096,193.429,44.792,46.5467,72.9587,105.037,620.437,3.68333,687.339,18.4047,48.808,19.04
19.5053,16.9333,192.779,192.96,44.5227,46.1547,76.3573,118.995,621.248,2.54,735.296,18.8,48.6053,19.2627
19.7453,17,192.736,193.771,44.1147,45.8,77.6373,131.837,621.803,2.574,801.067,19.332,47.88,19.522
19.9613,17,192.843,194.24,44.0027,45.5093,84.4427,124.237,621.376,2.878,780.48,19.802,46.1893,19.748
20.1613,17.7333,192.853,194.219,43.9253,45.2107,61.3333,85.6187,620.651,2.33133,566.923,20.1587,47.256,19.97
20.3073,18,193.173,194.357,43.784,44.9227,37.5373,54.9813,619.669,1.812,371.552,20.34,46.8453,20.1467
20.464,18.5333,193.184,194.4,43.7787,44.712,67.4867,95.6907,619.883,1.28933,676.075,20.4667,47.136,20.3133
20.6653,19,193.28,194.592,43.5813,44.456,96.064,128.88,622.016,1.68733,910.805,20.8933,47.152,20.566
20.9267,19,193.003,194.357,43.1093,43.9333,111.525,143.461,623.04,2.85533,1094.66,21.6013,44.568,20.8653
21.2013,19,193.429,194.517,43.0747,43.64,76.6667,104.101,622.144,2.47733,771.776,22.2413,42.7133,21.1307
21.4013,19.5333,192.939,194.88,42.4427,43.48,63.7453,87.504,620.949,2.568,672.672,22.5027,40.2507,21.312
21.6427,20,192.715,194.347,42.088,43.2373,97.72,126.675,621.973,2.442,931.915,22.736,40.836,21.5587
21.8933,19.6667,192.992,194.859,41.9867,43.1573,101.085,127.496,622.357,2.032,881.493,23.248,41.3827,21.8253
22.0827,20.0667,194.315,194.901,42.1947,43.1707,54.576,73.192,621.547,1.35333,548.907,23.5867,41.012,22.008
22.2667,20.8667,193.408,195.008,42.144,42.9307,75.4787,93.872,621.461,1.92333,779.797,23.676,39.948,22.18
22.404,20,195.989,195.275,44.2747,42.4453,46.3833,56.024,619.413,3.49133,453.6,23.672,39.6213,22.32
22.5707,20,195.179,195.52,44.816,42.2293,106.339,109.888,619.669,4.00467,975.584,23.388,41.7467,22.4507
22.776,20.9333,195.893,195.861,44.3333,42.224,95.3547,101.96,620.309,4.11267,887.968,23.496,41.7413,22.6107
22.94,20.0667,195.147,195.637,44.2747,42.472,68.8773,74.2187,619.627,3.63933,709.227,23.564,40.9307,22.7347
23.0507,20,195.2,195.691,44.2027,42.328,68.1707,68.4613,619.328,3.81667,630.016,23.54,40.7933,22.8173
23.1667,19.6667,195.008,195.797,43.9867,42.2827,82.3307,84.4773,619.627,3.84267,793.579,23.332,42.412,22.904
23.284,19,194.581,196.128,44.856,42.768,55.1867,57.9413,619.029,4.36,560.235,23.2267,44.0347,22.964
23.3533,19,195.115,196.299,44.4853,42.8907,59.976,63.496,618.176,3.90533,633.771,22.9093,44.4667,22.9987
23.4187,19,194.923,195.851,44.752,43.4053,51.7493,48.352,618.56,4.45467,680.363,22.8827,44.7893,23.04
23.48,19,194.453,195.755,44.656,43.5787,48.6053,42.5893,618.603,4.23467,601.365,22.5933,44.7733,23.04
23.492,19,193.643,195.392,43.872,43.6667,22.4493,33.164,617.664,3.90533,236.075,22.024,45.0453,23.036
23.452,18.8667,193.813,195.36,43.5253,43.936,20.742,27.1147,616.512,3.33267,162.549,21.492,46.5813,23.0093
23.4053,18.2,193.387,195.925,42.8533,43.5067,21.0027,24.5933,616,3.096,136.608,20.9667,47.5093,22.9587
23.3587,18,192.917,195.52,42.6107,43.7173,21.0673,24.6107,615.744,2.88133,95.1227,20.5987,50.0107,22.8853
23.292,18,192.587,195.36,43.336,44.168,20.9207,24.2347,615.36,2.924,55.0107,20.2493,53.552,22.8093
23.1987,17.4667,192.843,195.189,43.8667,44.624,20.7413,24.416,615.36,2.118,31.4413,20.0347,54.6267,22.7387
23.112,17,193.323,194.891,44.4347,44.9147,20.9387,24.4947,614.528,0.980667,21.8787,19.902,56.9573,22.656
23.016,17,193.237,195.851,44.52,45.264,13.5073,24.692,614.976,2.12067,11.3373,19.8627,52.408,22.5693
22.936,17,193.355,195.232,44.536,45.456,11.524,18.0653,614.187,2.144,2.39467,19.4487,55.256,22.484
22.8413,17,193.173,195.051,45.4267,45.752,11.5073,14.4187,613.547,0.786667,0.663333,19.0367,61.1227,22.392
22.736,16.6,193.259,195.477,46.416,46.328,11.426,14.5813,613.12,1.104,5.66067,18.5773,65.7813,22.3213
22.5987,13.4667,192.448,195.104,47.144,46.9973,11.524,14.6627,613.12,1.08533,3.838,18.32,65.6053,22.2053
22.46,13,192.587,195.552,47.6587,47.552,11.6053,14.8893,434.144,0.762,-0.066,18.2153,65.0907,22.064
22.32,13,192.693,195.307,48.0267,47.9227,11.4427,15.1173,92.824,0.497333,-2.73,18.044,65.1013,21.8987
22.1973,13,193.141,194.869,48.0027,48.136,11.6053,14.6627,18.704,0.488,-2.808,17.8533,65.0427,21.776
22.0627,12.8667,192.565,195.563,48.1547,48.5813,11.622,14.8573,1.706,0.88,-2.574,17.6573,64.9227,21.636
21.936,12,193.003,195.136,47.96,48.8933,11.6053,14.8573,1.266,0.892,-2.73,17.486,65.5973,21.5147
21.82,12,192.821,195.168,48.1147,48.9067,11.6053,14.9387,1.31,0.573333,-2.73,17.3567,66.408,21.4053
21.6907,12,192.373,195.68,47.8693,49.1387,11.7847,15.1493,1.222,0.595333,-3.042,17.1947,66.3413,21.2787
21.5627,12,192.117,195.232,47.672,49.1067,11.524,15.004,1.002,0.324,-3.042,17.0547,66.8507,21.1827
21.4387,12,192.373,194.912,47.072,49.08,11.5073,15.2307,1.134,0.648,-3.042,16.9307,67.6027,21.084
21.3,12,192.309,195.264,46.952,49.0453,11.4427,15.02,1.134,0.610667,-2.418,16.8033,67.0187,20.9707
21.1733,12,192.373,194.955,46.8427,49.2027,11.524,15.296,1.046,0.623333,-3.02933,16.6673,66.9333,20.864
21.0547,12,191.744,194.773,47.0853,49.304,11.6053,14.9547,1.046,0.544667,-2.73,16.5047,67.5573,20.7587
20.924,12,191.819,195.691,47.088,49.232,11.4427,14.9547,0.958,0.962,-2.73,16.3433,68.112,20.656
20.82,12,192.533,195.136,47.3813,49.2293,11.524,15.1653,1.178,0.906,-2.808,16.2067,70.088,20.534
20.6893,12,191.989,195.136,47.736,49.272,11.7033,14.9547,1.046,1.32867,-3.12,16.0613,71.5867,20.4367
20.564,12,192.224,195.637,47.3653,49.2533,11.524,15.4093,1.134,1.496,-2.886,15.928,71.7547,20.3193
20.448,12,192.171,195.477,47.4053,49.4827,11.6867,14.8413,0.958,2.37,-3.02933,15.7247,71.3493,20.206
20.3147,12,191.765,195.36,47.3147,49.6613,11.622,14.9387,1.002,1.82,-2.964,15.3793,73.2293,20.1007
20.2,12,191.915,195.68,46.808,49.712,11.524,15.2467,0.87,1.10733,-2.808,15.0773,74.904,19.9753
20.0607,12,191.563,194.859,46.4427,49.784,11.6867,15.312,0.738,0.92,-2.808,14.858,75.1467,19.8773
19.936,11.2667,191.755,195.413,45.8347,49.8533,11.6053,15.068,0.738,1.41133,-2.418,14.7033,75.304,19.7667
19.8127,11,191.488,195.104,46.072,50.0267,11.524,14.9547,0.65,1.038,-2.964,14.5633,75.4587,19.6547
19.676,11,191.275,194.347,45.56,50.1147,11.7847,15.312,0.694,1.47067,-2.964,14.472,75.0773,19.538
19.5693,11,191.723,194.72,45.4613,50.224,11.6053,15.4253,0.65,0.666667,-2.652,14.3767,75.2587,19.43
19.4453,11.2,191.605,193.963,45.4693,50.2267,11.768,15.328,0.65,0.791333,-2.808,14.238,75.3947,19.3513
19.322,12,190.965,194.101,45.2133,50.352,11.524,15.052,0.65,0.527333,-2.808,14.08,75.7413,19.2387
19.1967,12,191.605,194.752,45.2267,50.5733,11.6053,15.068,0.65,0.916667,-2.652,13.96,75.8907,19.1167
19.0787,11.8,191.189,194.635,45.5307,50.6827,11.6867,15.312,0.65,1.12,-2.886,13.7847,75.8107,19.006
18.962,11,191.701,195.125,45.744,50.6933,11.6053,14.9707,0.65,1.03667,-2.496,13.6093,75.5867,18.8733
18.8567,11,191.744,195.712,45.7573,50.8587,11.7847,15.3773,0.65,1.00067,-2.808,13.436,75.7813,18.7827
18.7267,11,191.563,195.456,45.5573,50.96,11.7033,14.9547,0.65,0.96,-2.808,13.2633,75.7147,18.6533
18.6027,11,192.373,195.808,45.6667,51.016,11.4427,15.02,0.65,1.18267,-2.73,13.106,74.8293,18.5373
18.4807,11,191.68,195.381,45.192,50.9947,11.7033,15.068,0.65,0.923333,-2.652,12.9567,74.6347,18.4027
18.3427,11,192.075,194.891,45.0347,50.992,11.768,15.588,0.65,0.473333,-2.886,12.8533,74.4747,18.294
18.228,11,192.064,195.264,45.1573,51.056,11.6053,14.8573,0.65,0.536667,-2.34,12.7147,74.6827,18.1847
18.0973,11,191.595,194.677,45.1893,51.0187,11.7847,15.4253,0.65,0.362,-2.73,12.6133,74.5413,18.0573
17.9867,11,192.171,194.891,45.3653,51.0933,11.7033,15.1987,0.65,1.08133,-2.34,12.5533,73.944,17.9347
17.8687,11,191.893,194.976,45.6213,51.1973,11.9473,15.036,0.65,1.004,-2.418,12.476,73.6853,17.8347
17.77,11,192,194.357,45.5067,51.144,11.768,15.5067,0.65,1.30867,-2.652,12.374,73.688,17.718
17.636,11,192.256,194.827,45.4027,51.16,11.6867,15.6693,1.046,1.26333,-2.73,12.2967,73.8667,17.6033
17.534,11,191.563,194.485,45.5947,51.296,11.9473,15.344,11.458,0.956667,-2.574,12.2053,74.6293,17.474
17.4447,11,191.989,195.189,45.8827,51.3493,11.6867,15.62,261.715,1.24267,-2.20933,12.0827,74.4747,17.3553
17.3453,11,192.309,194.997,45.7467,51.2853,11.67,16.876,611.755,0.636,2.914,12.004,74.4667,17.26
17.228,11.2,192.011,195.573,45.6933,51.2747,21.0833,25.3253,612.821,0.339333,25.9953,11.9333,74.9573,17.1593
17.1433,11.7333,191.733,195.019,45.832,51.3227,21.392,24.8533,614.101,0.596,59,11.9787,73.9627,17.0793
17.064,12,192.373,194.944,45.8933,51.264,21.1487,24.5947,615.509,0.708667,104.011,12.0967,73.08,16.9933
17.0233,11.0667,192.629,195.189,46.0427,51.1333,21.3927,24.8547,616.299,1.30467,151.136,12.2507,72.3893,16.9233
16.9833,11,192.565,194.763,46.2613,51.0267,21.426,24.8707,616.939,1.69533,202.731,12.4527,70.696,16.884
16.9833,11.5333,192.853,194.592,46.5787,50.9467,21.5547,25.1467,617.493,1.66133,253.312,12.6947,69.3013,16.844
16.9833,12.7333,192.416,194.699,46.544,50.712,21.3287,32.5187,618.176,1.69133,304.395,12.9673,67.944,16.82
17.02,13,192.405,194.101,46.912,50.696,28.2133,37.0587,618.859,1.60933,356.587,13.3227,67.456,16.7973
17.06,13.1333,192.096,194.283,47.0933,50.6347,31.3867,44.752,619.413,1.90067,408.811,13.7,66.5813,16.83
17.14,14,192.171,193.621,47.1547,50.3973,40.8347,49.128,619.84,2.08733,459.947,14.1053,65.816,16.872
17.2427,14,192.523,192.331,47.048,49.792,41.6773,54.776,620.437,1.35867,509.333,14.566,65.0133,16.958
17.3573,14,192.704,193.109,47.304,49.472,50.3533,64.6267,620.864,1.99467,558.805,15.066,64.264,17.1
17.5013,14,192.544,193.547,47.4,49.3307,51.736,84.912,620.736,2.42067,608.384,15.6033,62.632,17.2227
17.666,14.7333,192.981,193.547,47.336,49.128,51.7227,84.3307,621.163,1.91867,654.485,16.154,61.5147,17.4093
17.8627,15,192.715,193.547,47.2853,48.912,66.7973,106.64,621.76,2.48,696.789,16.778,60.1413,17.5487
18.0827,15,193.088,194.315,47.0747,48.8533,81.664,115.136,621.504,3.43067,739.072,17.2513,58.3067,17.8053
18.3207,15,193.6,193.963,46.9813,48.592,81.7227,114.72,621.547,2.25867,774.528,17.7773,57.7067,18.0327
18.5793,15.9333,193.525,193.984,46.7867,48.464,79.3813,113.915,622.443,1.58733,806.272,18.3647,56.9867,18.32
18.8253,16,193.675,194.507,46.6107,48.2933,77.3787,115.245,622.357,2.03667,791.648,18.9373,55.8667,18.604
19.0793,16.7333,193.675,194.229,46.4133,47.984,80.2027,122.757,622.272,2.34667,847.936,19.412,54.1307,18.8933
19.3493,17.7333,193.589,194.336,46.2053,47.7787,79.5613,104.56,621.632,1.952,786.155,19.8127,53.0853,19.1747
19.5493,18,194.667,194.4,46.224,47.6027,54.866,75.516,620.565,1.94067,531.413,20.0413,52.248,19.3853
19.7967,18,193.995,194.315,45.968,47.1973,98.9373,130.035,621.845,2.74133,924.757,20.3647,51.1467,19.6507
20.0687,18,193.568,193.813,45.6773,46.544,109.637,137.992,622.187,3.05,1022.74,20.8213,48.5253,19.9373
20.3233,18,193.717,194.464,45.4267,46.3733,81.308,110.843,621.845,2.15933,757.333,21.404,49.3013,20.22
20.5613,18.7333,194.112,194.496,45.2053,46.024,111.797,144.965,622.315,2.39667,1049.17,21.8893,48.1467,20.5233
20.8307,19,193.995,194.741,44.816,45.6667,86.28,110.123,622.699,1.64667,876.992,22.5093,46.7707,20.8067
21.06,19,194.293,194.944,45.04,45.944,90.0507,111.603,622.059,1.87733,865.109,22.796,46.4107,21.008
21.32,19,194.411,195.488,44.6667,45.592,59.7267,71.7613,621.803,1.926,608.629,23.1013,43.3133,21.252
21.512,19.6667,194.411,195.243,44.3573,45.1787,90.064,97.1773,621.504,1.65933,880.704,23.2107,44.324,21.42
21.7453,19.6,194.187,195.403,43.8373,44.84,65.3067,73.1467,621.675,1.97733,668.203,23.5573,43.448,21.6187
21.908,19,193.973,194.752,43.656,44.6907,75.9867,84.58,620.864,2.30467,729.227,23.6067,40.6267,21.7653
22.1093,19.1333,193.899,195.413,42.8533,44.3733,83.036,88.128,621.632,1.88867,801.621,23.8787,42.1307,21.9427
22.2667,19.9333,193.237,194.827,42.6107,43.8027,50.3693,58.472,620.608,3.238,515.307,24.0293,38.1853,22.064
22.4293,20,193.451,195.264,42.4453,44.008,68.9693,67.7907,620.523,2.714,712.288,23.9613,38.9333,22.2013
22.6067,20.1333,193.483,195.627,41.7667,43.864,81.5813,62.4587,620.992,3.824,869.12,24.0253,36.9467,22.3213
22.7893,20.6667,193.931,195.296,40.9693,43.5333,81.664,54.4347,621.12,2.99133,822.656,24.2347,37.656,22.428
22.9587,21,193.44,195.563,40.1387,43.2907,78.0187,53.3227,621.717,2.698,785.952,24.4653,36.2107,22.5427
23.092,21,194.219,195.531,39.808,43.1227,61.668,46.8013,621.035,3.082,606.869,24.54,35.4653,22.66
23.176,21,193.205,195.637,40.16,42.968,21.1647,33.4933,618.645,2.76067,184.475,24.3373,32.468,22.7227
23.22,21,194.101,195.488,40.364,42.8053,37.1587,39.856,618.773,2.02533,340.587,24.0427,34.8293,22.776
23.292,21,193.525,195.797,40.1613,42.36,24.8907,31.8453,618.048,2.13,236.373,23.876,33.6413,22.8213
23.3507,21,193.483,195.819,39.6027,42.0187,40.5307,44.012,619.755,2.73133,611.179,23.724,35.0547,22.86
23.3853,21,193.419,196,39.3507,42.192,22.4027,29.5733,619.755,2.442,516.224,23.648,34.7187,22.896
23.3947,21,192.576,196.032,39.3227,42.096,20.822,24.708,619.243,2.398,443.989,23.4787,33.42,22.928
23.392,21,192.373,195.872,39.0373,41.8507,21.182,24.5933,618.901,2.30933,281.237,23.2467,33.1947,22.956
23.392,21,192.768,195.84,39.1293,41.5787,21.1653,24.4307,618.56,2.02067,331.728,23.0453,33.4267,22.952
23.3613,21,193.131,195.691,39.1907,41.1453,21.0827,24.6747,618.005,2.24533,122.563,22.88,33.4347,22.952
23.344,21,192.981,195.328,39.08,40.6413,20.6607,24.756,616.811,1.73933,60.184,22.7213,33.9973,22.92
23.308,21,192.683,195.168,38.872,40.7333,21.1013,24.7893,616.64,1.314,55.5067,22.5533,35.0667,22.892
23.2613,21,192.789,194.976,38.5413,40.888,20.822,24.8693,616.64,0.580667,42.816,22.3973,35.196,22.8427
23.2067,21,192.16,195.371,38.5253,40.3,20.904,24.676,616.512,0.370667,37.288,22.208,36.0493,22.804
23.164,20.8667,192.501,194.955,38.4547,40.524,20.8233,24.3333,616.043,0.896,25.5773,22.0067,36.34,22.7533
23.1067,20.1333,192.8,194.677,38.4227,40.7507,14.5307,21.7267,616,0.685333,11.4667,21.824,36.7827,22.7013
23.0427,20.6,193.28,195.296,38.7533,41.0547,11.524,15.312,504.405,1.488,-1.378,21.6733,37.1867,22.62
22.976,19.1333,193.344,195.637,38.7853,41.4347,11.6053,15.004,105.253,1.24733,-3.316,21.4667,37.056,22.5573
22.9107,18.8667,193.088,195.403,38.704,41.6053,11.6053,15.004,7.11067,0.654667,-3.17267,21.1893,38.1013,22.484
22.8347,18,193.632,195.328,39.9027,41.968,11.6053,14.8413,1.046,1.21133,-3.316,20.924,44.608,22.4253
22.7573,17.2667,193.749,196.373,41.0947,42.4347,11.622,15.4093,0.65,0.989333,-3.38133,20.6493,47.9947,22.352
22.692,17,193.963,197.237,41.9093,43.12,11.328,14.6627,0.65,1.13467,-3.238,20.396,49.568,22.2893
22.5893,16.2667,194.08,196.875,42.5867,43.52,11.6053,14.8573,0.694,0.28,-3.10733,20.0807,50.9707,22.1813
22.512,16,194.667,196.587,43.112,44.0187,11.5407,14.5,0.65,0.358667,-3.12,19.7807,52.0907,22.1053
22.4133,16,194.965,197.589,43.6,44.48,11.426,15.036,0.65,0.296,-3.25067,19.5167,53.128,21.9907
22.3147,15.0667,194.891,197.056,44.136,44.824,11.4427,14.484,0.65,0.0546667,-3.10733,19.312,54.3013,21.896
22.212,15,194.816,197.184,44.5173,45.0907,11.7033,14.6787,0.694,0.036,-3.12,19.0007,55.5147,21.8107
22.1213,15.7333,195.765,197.547,44.7947,45.3547,11.6053,14.9227,0.65,0.0493333,-2.964,18.7433,56.4133,21.7093
22.0213,15.4667,195.947,199.243,45.0907,45.6267,11.6053,14.728,0.65,0.197333,-2.886,18.4927,57.1467,21.6133
21.9093,15,196.416,199.883,45.3173,45.864,11.5073,14.468,0.65,0.142,-2.964,18.282,57.784,21.5107
21.8147,14.4667,197.504,199.541,45.488,46.1253,11.622,15.2307,0.65,0,-3.10733,18.0733,57.856,21.4053
21.7027,14,197.376,200.896,45.608,46.248,11.5073,15.02,0.65,0.308667,-2.886,17.916,57.4613,21.2853
21.5827,14,196.971,200.075,45.464,46.3307,11.426,14.6627,0.65,0.586667,-2.886,17.7573,55.5413,21.1933
21.496,14,197.749,198.667,44.7627,46.2667,11.7033,14.9387,0.65,0.332,-2.964,17.548,53.048,21.096
21.396,14,196.917,199.093,44.2187,46.016,11.524,14.8573,0.65,0.168,-3.042,17.3587,51.3813,20.9973
21.26,13.2,195.989,198.304,44.064,45.6667,11.8827,14.9387,0.65,0.142667,-2.886,17.1233,52.888,20.8933
21.1413,13,195.893,198.677,43.92,45.4427,11.328,15.1013,0.65,0.709333,-2.964,16.94,52.3813,20.7787
21.024,12.2667,195.861,198.688,43.8507,45.376,11.524,15.4747,0.65,0.127333,-2.964,16.7467,51.904,20.6667
20.9013,12,195.925,197.461,43.6293,45.3947,11.524,14.8893,0.65,0.756667,-2.886,16.528,52.0267,20.5333
20.7867,12,195.477,198.293,43.4613,45.3707,11.67,15.312,0.65,0.653333,-2.574,16.2587,52.8427,20.4233
20.688,12,194.507,198.272,43.32,45.2507,11.524,15.1333,0.65,0.845333,-2.73,16.0847,52.704,20.2873
20.564,12,194.837,197.515,43.1733,45.176,11.7033,15.2307,0.65,1.016,-2.964,15.9527,52.5787,20.17
20.452,12,194.539,197.589,43.0933,45.032,11.524,14.776,0.65,0.557333,-2.73,15.8093,52.8187,20.062
20.322,11.0667,194.699,196.821,43.0213,44.9653,11.7033,14.9387,0.65,0.648,-2.808,15.6967,52.8267,19.9413
20.1927,11,194.517,196.789,42.9973,44.8267,11.524,15.036,0.65,0.375333,-2.73,15.5813,52.872,19.814
20.0893,11,194.027,197.44,42.9867,44.744,11.6867,14.8413,0.65,0.734,-2.652,15.4293,53.3493,19.6967
19.984,11,194.005,196.8,42.9707,44.7947,11.6053,14.6787,0.65,0.775333,-2.886,15.254,53.3947,19.5767
19.87,11,193.856,196.395,42.9947,44.912,11.7033,15.1173,0.694,0.052,-2.73,15.0273,54.44,19.4533
19.746,11,193.973,196.501,43.032,44.9013,11.524,15.312,0.65,0,-2.73,14.7847,55.6133,19.3633
19.6167,11,194.699,196.587,43.1253,44.968,11.524,14.9707,0.65,0.331333,-2.73,14.5227,56.2267,19.2553
19.5133,11,194.069,197.355,43.104,45.0373,11.7847,15.4587,0.65,0.160667,-2.574,14.3327,56.12,19.124
19.3733,10.4667,194.197,196.864,43.096,45.0667,11.622,15.2307,0.606667,0,-2.73,14.1733,57.1787,18.9867
19.2713,10,194.773,197.301,43.184,45.104,11.5073,15.068,0.65,0,-2.886,14.0027,57.3067,18.882
19.1473,10,194.4,198.315,43.1573,45.192,11.7847,14.9707,0.65,0.186,-2.808,13.94,56.7173,18.7753
19.0227,10,194.709,197.387,43.1093,45.24,11.8827,15.052,1.31,0,-2.79533,13.812,57.3813,18.6633
18.9147,10,194.176,197.877,43.1573,45.2613,11.426,15.312,19.3173,0,-2.808,13.6267,58.1227,18.5513
18.8153,10,194.325,198.048,43.1707,45.28,11.9473,15.6693,358.459,0,-1.936,13.534,57.4773,18.4333
18.706,10,195.296,196.971,43.1013,45.2907,12.808,18.652,612.48,0,4.24133,13.4433,57.3147,18.3227
18.5933,10,194.848,197.013,43.1227,45.28,21.3273,24.512,613.504,0.036,29.3427,13.3773,57.5467,18.2113
18.53,9.06667,193.589,197.035,43.0827,45.2587,21.0847,24.7573,615.061,0,63.6427,13.358,57.5493,18.1167
18.442,9,194.848,197.045,43.0453,45.2347,21.1653,24.4147,616.384,0,104.763,13.3813,57.8507,18.048
18.3733,9,194.848,196.331,43.0747,45.1733,21.67,24.48,617.195,0.0386667,153.291,13.4673,57.5253,17.96
18.3467,9.73333,194.443,196.8,43.0827,45.072,21.2293,24.676,618.304,0.202,204.373,13.6553,56.456,17.912
18.3193,10.7333,194.667,196.651,43.1093,44.9387,21.508,28.8093,618.901,0.189333,255.147,13.9173,55.2,17.888
18.302,11.6667,194.112,196.16,43.224,44.8427,21.49,34.3867,619.456,0.542,306.773,14.1907,54.264,17.8373
18.3127,13,194.293,196.971,43.312,44.8027,30.0033,43.6333,619.84,0.805333,358.955,14.568,53.3893,17.824
18.3633,13.1333,194.848,196.363,43.368,44.6293,31.2893,44.8373,620.48,1.30733,410.219,14.9913,52.4773,17.84
18.4246,14,194.166,195.163,43.3815,44.4,41.3877,50.7662,620.825,1.13615,459.52,15.4631,51.9231,17.8877
18.5367,14.3333,194.08,195.477,43.3547,44.1467,41.4173,55.2827,621.504,1.06533,510.549,16.054,51.4427,17.9987
18.64,14.8,194.443,195.168,43.2507,43.96,48.964,64.2773,622.187,1.226,558.699,16.66,50.696,18.102
18.784,15,194.667,195.403,43.0987,43.76,51.8027,84.7413,622.485,0.911333,606.784,17.326,49.576,18.238
18.9547,15.7333,194.037,195.68,42.928,43.5813,51.5707,84.6667,623.424,0.358,650.155,17.99,48.6213,18.412
19.1607,16,194.848,195.968,42.648,43.3787,63.3973,102.555,623.381,0.992,693.376,18.7433,46.6987,18.6093
19.41,16.2,195.008,195.915,42.4373,43.1787,81.4827,114.528,623.211,0.808,733.952,19.3573,45.6213,18.8867
19.6533,17.1333,195.36,196.064,42.2933,42.9813,81.7413,114.491,623.509,0.785333,772.053,19.8793,44.8347,19.1733
19.92,17.8667,196.032,196.053,42.104,42.7973,81.7413,114.816,624.107,0.829333,803.157,20.4087,44.584,19.466
20.186,18,196.011,195.957,42.0053,42.544,81.824,114.603,623.339,1.57267,836.907,20.9493,43.656,19.7907
20.4453,18.6667,196.821,196.064,42.744,42.56,81.76,124.576,622.571,2.472,868.608,21.512,42.6507,20.0847
20.692,19,196.331,196.192,42.792,42.8027,81.744,145.125,621.845,2.89067,892.629,21.9467,41.9347,20.4267
20.952,19.8,196.693,196.192,42.8053,42.832,81.5813,144.24,621.76,2.664,912.341,22.412,41.764,20.7067
21.1827,20,196.16,196.427,43.2027,43.072,81.7413,145.088,621.675,3.02467,927.445,22.8053,40.8,20.9853
21.444,20,196.864,196.107,43.2533,43.1653,81.9013,144.56,621.12,3.35067,943.573,23.2093,38.392,21.208
21.7067,20,196.405,196.523,42.9867,42.7013,81.744,144.683,621.12,2.65733,950.485,23.7987,35.968,21.476
21.9453,20,197.333,196.512,42.784,42.4293,81.2613,144.48,621.12,2.91,966.272,24.1093,35.0613,21.736
22.1853,20,197.536,197.269,42.6693,42.6187,81.584,132.4,621.163,2.62,960.256,24.5227,33.5973,21.9667
22.3893,20,197.227,196.629,42.76,42.1867,81.3227,114.757,621.12,2.85667,953.173,24.6427,33.388,22.1973
22.5813,20,197.728,196.512,42.9787,42.4453,81.424,114.581,621.163,2.91,956.587,24.7827,33.596,22.392
22.7707,21.4667,197.269,196.896,43.2693,42.7547,81.424,114.501,620.949,3.32933,953.472,24.8907,34.0293,22.5627
22.9627,21.3333,197.344,196.544,43.2453,42.6667,81.2613,102.485,620.565,3.094,948.011,25.0133,33.94,22.7027
23.144,21,197.728,197.269,43.3547,42.5333,81.3227,84.7413,620.48,3.37333,926.891,25.1307,33.9387,22.8347
23.2973,20.8667,197.856,197.344,43.3653,42.6587,81.1627,84.3947,620.48,3.164,905.899,25.2347,33.6027,22.9573
23.424,20,197.824,196.725,43.3173,42.4747,81.4213,77.6107,620.352,3.222,883.712,25.6547,32.432,23.052
23.5853,20.1333,197.76,197.44,43.2693,42.4907,81.2427,54.2693,620.224,2.93533,848.811,25.7747,33.4467,23.1373
23.72,20.7333,197.888,196.651,43.1253,42.5653,68.6373,51.3867,619.84,2.94133,761.045,26.1107,33.28,23.2
23.844,20.3333,197.792,196.789,42.4827,42.2987,70.312,49.7573,619.755,3.108,743.36,26.0653,32.2973,23.272
23.9573,20,198.24,197.195,41.7053,42.0933,65.0933,44.9947,619.371,3.02933,712.171,25.4573,33.856,23.3267
24.068,20,198.144,197.301,41.3467,42.12,56.808,44.36,619.328,2.93333,689.109,25.3773,35.1453,23.38
24.164,20,197.28,197.643,40.1933,41.9893,51.144,43.4213,618.901,2.87533,639.232,24.3587,37.652,23.448
24.2213,20,197.12,197.963,40.648,42.16,51.1733,40.6867,618.773,3.13333,635.755,23.4787,40.904,23.472
24.284,19.2667,196.896,197.899,40.0987,42.184,44.6,33.876,618.56,2.056,583.488,22.82,42.8347,23.4787
24.3,19,196.949,197.856,40.3107,42.1653,34.1813,32.8227,618.56,2.71733,545.771,22.2413,43.8133,23.504
24.28,19,195.925,198.176,40.036,42.072,20.904,25.6493,618.133,3.046,486.997,21.6253,43.392,23.52
24.2493,19,195.307,197.931,39.7507,41.904,20.986,28.0067,617.92,2.584,435.755,21.1933,44.68,23.476
24.1893,19,194.805,196.971,39.6947,41.704,21.002,24.952,617.92,2.288,379.84,20.8707,45.6373,23.4587
24.124,18.6667,194.293,196.715,39.88,41.7547,20.8233,24.2347,617.451,2.00533,326.24,20.6347,47.2107,23.428
24.0733,18,194.923,196.725,40.2027,41.776,20.986,24.0387,617.024,2.06067,176.573,20.466,48.3733,23.38
24.0133,18,194.763,196.256,40.6333,42.0107,20.6607,24.7733,615.915,2.19333,49.776,20.25,49.1547,23.3213
23.9427,18,194.283,196.523,40.808,42.2213,20.8227,24.512,615.36,2.12133,47.9627,20.0073,49.8613,23.276
23.8507,18,194.027,196.661,41.176,42.4213,21.246,24.3333,615.296,2.28067,45.8907,19.8227,50.7467,23.192
23.764,18,193.877,196.299,41.4507,42.648,20.6607,24.8707,614.784,2.25267,28.7293,19.566,51.8827,23.136
23.6587,17.6667,194.944,196.096,41.8347,42.912,20.9047,24.1547,614.4,1.764,16.26,19.342,53.952,23.044
23.568,17.1333,194.485,196.501,42.224,43.1387,15.2307,25.0493,614.4,1.15533,7.56133,19.18,55.3573,22.9693
23.476,17.8667,194.176,197.003,42.6053,43.3227,11.426,14.7947,610.027,0.694,-1.10467,19.052,56.224,22.8747
23.384,17,194.987,196.363,42.9173,43.5067,11.3927,14.6627,157.256,1.02067,-3.09467,18.824,57.4107,22.7827
23.296,17,194.699,196.416,43.232,43.68,11.5407,14.6467,6.97867,0.596,-3.12,18.6347,58.6213,22.7027
23.2053,17,195.179,198.123,43.5387,43.832,11.4093,14.484,1.002,0.584667,-3.18533,18.3687,59.8613,22.5947
23.0947,16.4667,195.819,198.08,43.7893,43.9947,11.6867,15.004,0.65,0.594,-3.10733,18.23,59.5173,22.492
22.98,16,195.456,197.589,43.9813,44.136,11.1653,13.8667,0.738,0.321333,-3.10733,18.1647,60.192,22.4
22.8893,16,196.459,198.837,44.0293,44.2133,11.426,14.728,0.782,0.766,-3.18533,17.9653,60.8827,22.3107
22.7773,16,196.619,198.752,44.1947,44.3813,11.4093,14.5653,0.65,0.796,-2.886,17.8667,61.4373,22.2093
22.664,16,195.691,198.283,43.9787,44.2667,11.3927,15.1987,0.65,1.60733,-2.886,17.724,61.5493,22.112
22.5493,16,196.384,199.627,44.0827,44.3733,11.3447,14.8573,0.738,1.542,-2.964,17.5813,61.5333,22.0107
22.4253,16,197.099,199.445,44.2587,44.6347,11.622,15.1013,0.65,0.656667,-2.964,17.412,62.304,21.888
22.3187,16,196.288,199.147,44.0187,44.624,11.4093,15.004,0.694,1.09133,-3.12,17.2107,63.2987,21.792
22.18,15.6667,196.885,199.371,43.76,44.5467,11.6867,14.4027,0.694,1.13933,-3.042,17.054,63.0187,21.684
22.068,15,197.131,199.499,43.6427,44.5733,11.28,14.8093,0.65,1.29533,-2.886,16.8673,63.7173,21.572
21.968,15,197.152,198.944,43.7093,44.6667,11.6867,14.6947,0.65,0.716667,-2.808,16.7207,63.9653,21.464
21.84,15,197.163,199.381,43.4053,44.4773,11.524,14.5653,0.694,1.418,-2.886,16.64,63.1947,21.3387
21.7173,15,197.184,198.293,43.4907,44.68,11.6053,14.8907,0.65,1.07667,-2.886,16.57,62.7547,21.2293
21.6053,15,195.989,197.771,43.2293,44.68,11.6867,14.4027,0.694,1.748,-2.886,16.5267,61.7573,21.1307
21.4933,15,196.181,197.077,42.9227,44.6507,11.622,14.9387,0.65,1.512,-2.808,16.4313,61.768,21.0213
21.3827,14.3333,195.616,196.736,42.96,44.7227,11.6053,14.9387,0.65,1.622,-2.886,16.3627,61.408,20.9253
21.2653,13.4667,195.211,196.629,43.1787,44.88,11.5073,14.5813,0.65,0.934,-2.886,16.268,62.232,20.8347
21.1569,13,195.188,197.231,43.2954,44.9938,11.6623,15.0769,0.65,0.413846,-3.03,16.1515,62.0308,20.7262
21.0653,13,194.848,197.717,43.064,44.976,11.6053,14.9547,0.65,1.07267,-3.042,16.0767,61.728,20.656
20.9413,13,194.763,196.907,43.128,45.0133,11.622,14.8413,0.65,0.758667,-2.886,15.9727,62.0293,20.552
20.8587,13,194.805,196.971,42.9253,45,11.5887,15.1333,0.65,0.404667,-2.964,15.8993,62.04,20.4533
20.756,13,194.912,197.888,42.8987,45.048,11.6867,14.6627,0.65,0.402667,-2.886,15.8147,62.064,20.366
20.6707,13,194.368,198.144,42.992,45.1173,11.524,15.2147,0.65,0.036,-2.886,15.7167,62.2133,20.2633
20.5707,12.4,195.029,198.379,43.08,45.1813,11.6053,15.1173,0.65,0,-2.808,15.5573,62.456,20.16
20.4847,11.8667,195.328,199.669,43.1307,45.256,11.6053,14.9227,0.65,0,-2.574,15.312,62.5973,20.0667
20.3867,11,195.413,199.765,43.0747,45.248,11.426,15.312,0.65,0,-3.042,15.102,62.896,19.972
20.2887,11,197.173,200.533,42.7147,44.9333,11.6053,15.5227,0.65,0.639333,-2.808,15.0433,62.72,19.8787
20.1646,11,197.723,201.748,42.6277,44.9138,11.7008,15.0585,0.65,0.553846,-2.85,14.8946,62.9969,19.7692
20.06,11,197.824,201.264,42.676,44.948,11.695,15.694,0.65,0.686,-2.769,14.758,63.236,19.622
19.8627,11,197.92,201.301,42.688,44.9653,11.7033,14.9547,0.65,0.861333,-2.73,14.5433,63.3653,19.416
19.7693,11,198.144,201.163,42.8053,45.0133,11.6867,15.036,0.65,0.59,-2.808,14.4213,62.9707,19.3127
19.6653,11,199.147,202.155,42.84,45.0693,11.768,15.2147,0.65,0.586,-2.496,14.3233,62.6,19.1927
19.5613,11,199.285,202.027,42.736,45.0213,11.7033,15.1333,0.65,0.774667,-2.73,14.2127,62.7413,19.0813
19.4413,11,199.36,201.419,42.6907,44.984,11.524,14.9547,2.498,0.633333,-2.652,14.1,62.7787,18.9647
19.2877,11,200.228,202.788,42.6831,44.9415,11.6442,15.5077,242.631,1.08308,-2.05462,13.8977,63.5369,18.7877
19.1253,11,200.405,203.275,42.7787,45,12.4847,18.4213,612.523,0.664667,5.856,13.6847,63.232,18.6233
19.016,11,200.885,203.509,42.8213,45.0747,21.084,25.1147,613.163,0.196667,26.0607,13.644,62.4133,18.5073
18.9467,11,200.928,202.677,42.7893,45.0693,21.0207,24.4467,614.229,0.13,63.608,13.7027,61.8933,18.4367
18.8833,11,200.288,201.739,42.7387,44.992,21.1473,24.692,615.872,0.497333,123.936,13.874,61.2187,18.356
18.84,11,199.776,202.443,42.856,44.9947,21.0033,24.8387,617.067,0.22,177.973,14.198,60.0853,18.29
18.8,11,199.424,201.963,43.016,44.9813,21.85,24.3493,617.067,0.295333,124.496,14.4833,58.992,18.2667
18.7713,11.7333,199.2,202.091,43.192,44.9413,21.1653,30.9693,618.133,0.174,256.597,14.754,58.6213,18.2153
18.786,12,199.435,201.739,43.3947,44.9333,21.264,32.1933,619.285,0.246,281.568,15.202,57.696,18.2
18.8133,12.5333,200.107,200.597,43.344,44.7013,28.1647,38.3507,620.139,0.181333,354.645,15.726,56.8613,18.2153
18.86,13,200.149,199.541,43.6667,44.5653,31.1107,45.2,621.248,0.34,404.992,16.2693,55.8907,18.2667
